0.0000000000e+00 0.0000000000e+00 1.0000000000e+00 1.0000000000e+00
1.0000000000e-02 9.9997916693e-03 9.9995000083e-01 9.9998750044e-01
2.0000000000e-02 1.9998333453e-02 9.9980001333e-01 9.9995000708e-01
3.0000000000e-02 2.9994375920e-02 9.9955006749e-01 9.9988753585e-01
4.0000000000e-02 3.9986670554e-02 9.9920021326e-01 9.9980011329e-01
5.0000000000e-02 4.9973970202e-02 9.9875052055e-01 9.9968777655e-01
6.0000000000e-02 5.9955029534e-02 9.9820107916e-01 9.9955057331e-01
7.0000000000e-02 6.9928605489e-02 9.9755199871e-01 9.9938856184e-01
8.0000000000e-02 7.9893457731e-02 9.9680340861e-01 9.9920181087e-01
9.0000000000e-02 8.9848349089e-02 9.9595545792e-01 9.9899039962e-01
1.0000000000e-01 9.9792046008e-02 9.9500831532e-01 9.9875441771e-01
1.1000000000e-01 1.0972331898e-01 9.9396216893e-01 9.9849396509e-01
1.2000000000e-01 1.1964094300e-01 9.9281722626e-01 9.9820915203e-01
1.3000000000e-01 1.2954369798e-01 9.9157371401e-01 9.9790009900e-01
1.4000000000e-01 1.3943036917e-01 9.9023187797e-01 9.9756693662e-01
1.5000000000e-01 1.4929974761e-01 9.8879198286e-01 9.9720980558e-01
1.6000000000e-01 1.5915063054e-01 9.8725431212e-01 9.9682885652e-01
1.7000000000e-01 1.6898182177e-01 9.8561916779e-01 9.9642424999e-01
1.8000000000e-01 1.7879213216e-01 9.8388687026e-01 9.9599615630e-01
1.9000000000e-01 1.8858037995e-01 9.8205775813e-01 9.9554475543e-01
2.0000000000e-01 1.9834539119e-01 9.8013218792e-01 9.9507023694e-01
2.1000000000e-01 2.0808600013e-01 9.7811053391e-01 9.9457279982e-01
2.2000000000e-01 2.1780104957e-01 9.7599318789e-01 9.9405265238e-01
2.3000000000e-01 2.2748939124e-01 9.7378055889e-01 9.9351001214e-01
2.4000000000e-01 2.3714988619e-01 9.7147307296e-01 9.9294510567e-01
2.5000000000e-01 2.4678140511e-01 9.6907117287e-01 9.9235816847e-01
2.6000000000e-01 2.5638282867e-01 9.6657531789e-01 9.9174944481e-01
2.7000000000e-01 2.6595304790e-01 9.6398598346e-01 9.9111918762e-01
2.8000000000e-01 2.7549096446e-01 9.6130366092e-01 9.9046765829e-01
2.9000000000e-01 2.8499549103e-01 9.5852885720e-01 9.8979512654e-01
3.0000000000e-01 2.9446555152e-01 9.5566209455e-01 9.8910187025e-01
3.1000000000e-01 3.0390008146e-01 9.5270391019e-01 9.8838817532e-01
3.2000000000e-01 3.1329802824e-01 9.4965485599e-01 9.8765433547e-01
3.3000000000e-01 3.2265835140e-01 9.4651549817e-01 9.8690065207e-01
3.4000000000e-01 3.3198002290e-01 9.4328641695e-01 9.8612743400e-01
3.5000000000e-01 3.4126202736e-01 9.3996820621e-01 9.8533499743e-01
3.6000000000e-01 3.5050336232e-01 9.3656147316e-01 9.8452366566e-01
3.7000000000e-01 3.5970303850e-01 9.3306683796e-01 9.8369376892e-01
3.8000000000e-01 3.6886007995e-01 9.2948493340e-01 9.8284564421e-01
3.9000000000e-01 3.7797352437e-01 9.2581640452e-01 9.8197963508e-01
4.0000000000e-01 3.8704242319e-01 9.2206190825e-01 9.8109609145e-01
4.1000000000e-01 3.9606584188e-01 9.1822211305e-01 9.8019536941e-01
4.2000000000e-01 4.0504286004e-01 9.1429769853e-01 9.7927783104e-01
4.3000000000e-01 4.1397257161e-01 9.1028935507e-01 9.7834384420e-01
4.4000000000e-01 4.2285408501e-01 9.0619778348e-01 9.7739378230e-01
4.5000000000e-01 4.3168652333e-01 9.0202369458e-01 9.7642802417e-01
4.6000000000e-01 4.4046902437e-01 8.9776780883e-01 9.7544695378e-01
4.7000000000e-01 4.4920074088e-01 8.9343085597e-01 9.7445096007e-01
4.8000000000e-01 4.5788084057e-01 8.8901357461e-01 9.7344043678e-01
4.9000000000e-01 4.6650850626e-01 8.8451671187e-01 9.7241578216e-01
5.0000000000e-01 4.7508293598e-01 8.7994102299e-01 9.7137739884e-01
5.1000000000e-01 4.8360334301e-01 8.7528727091e-01 9.7032569359e-01
5.2000000000e-01 4.9206895598e-01 8.7055622596e-01 9.6926107712e-01
5.3000000000e-01 5.0047901889e-01 8.6574866540e-01 9.6818396387e-01
5.4000000000e-01 5.0883279119e-01 8.6086537310e-01 9.6709477180e-01
5.5000000000e-01 5.1712954781e-01 8.5590713911e-01 9.6599392218e-01
5.6000000000e-01 5.2536857913e-01 8.5087475933e-01 9.6488183940e-01
5.7000000000e-01 5.3354919108e-01 8.4576903507e-01 9.6375895075e-01
5.8000000000e-01 5.4167070508e-01 8.4059077277e-01 9.6262568624e-01
5.9000000000e-01 5.4973245802e-01 8.3534078351e-01 9.6148247833e-01
6.0000000000e-01 5.5773380232e-01 8.3001988274e-01 9.6032976181e-01
6.1000000000e-01 5.6567410580e-01 8.2462888988e-01 9.5916797355e-01
6.2000000000e-01 5.7355275172e-01 8.1916862793e-01 9.5799755231e-01
6.3000000000e-01 5.8136913870e-01 8.1363992316e-01 9.5681893853e-01
6.4000000000e-01 5.8912268066e-01 8.0804360472e-01 9.5563257414e-01
6.5000000000e-01 5.9681280675e-01 8.0238050431e-01 9.5443890240e-01
6.6000000000e-01 6.0443896131e-01 7.9665145581e-01 9.5323836762e-01
6.7000000000e-01 6.1200060372e-01 7.9085729499e-01 9.5203141505e-01
6.8000000000e-01 6.1949720838e-01 7.8499885911e-01 9.5081849066e-01
6.9000000000e-01 6.2692826455e-01 7.7907698663e-01 9.4960004094e-01
7.0000000000e-01 6.3429327628e-01 7.7309251688e-01 9.4837651273e-01
7.1000000000e-01 6.4159176225e-01 7.6704628974e-01 9.4714835302e-01
7.2000000000e-01 6.4882325570e-01 7.6093914531e-01 9.4591600880e-01
7.3000000000e-01 6.5598730423e-01 7.5477192362e-01 9.4467992683e-01
7.4000000000e-01 6.6308346973e-01 7.4854546433e-01 9.4344055352e-01
7.5000000000e-01 6.7011132817e-01 7.4226060643e-01 9.4219833472e-01
7.6000000000e-01 6.7707046949e-01 7.3591818794e-01 9.4095371555e-01
7.7000000000e-01 6.8396049742e-01 7.2951904564e-01 9.3970714027e-01
7.8000000000e-01 6.9078102932e-01 7.2306401482e-01 9.3845905204e-01
7.9000000000e-01 6.9753169598e-01 7.1655392895e-01 9.3720989285e-01
8.0000000000e-01 7.0421214149e-01 7.0998961948e-01 9.3596010327e-01
8.1000000000e-01 7.1082202302e-01 7.0337191555e-01 9.3471012238e-01
8.2000000000e-01 7.1736101063e-01 6.9670164376e-01 9.3346038753e-01
8.3000000000e-01 7.2382878710e-01 6.8997962793e-01 9.3221133426e-01
8.4000000000e-01 7.3022504771e-01 6.8320668885e-01 9.3096339611e-01
8.5000000000e-01 7.3654950004e-01 6.7638364408e-01 9.2971700451e-01
8.6000000000e-01 7.4280186377e-01 6.6951130772e-01 9.2847258859e-01
8.7000000000e-01 7.4898187046e-01 6.6259049021e-01 9.2723057510e-01
8.8000000000e-01 7.5508926333e-01 6.5562199811e-01 9.2599138823e-01
8.9000000000e-01 7.6112379705e-01 6.4860663391e-01 9.2475544949e-01
9.0000000000e-01 7.6708523753e-01 6.4154519588e-01 9.2352317760e-01
9.1000000000e-01 7.7297336165e-01 6.3443847785e-01 9.2229498834e-01
9.2000000000e-01 7.7878795709e-01 6.2728726903e-01 9.2107129444e-01
9.3000000000e-01 7.8452882206e-01 6.2009235389e-01 9.1985250547e-01
9.4000000000e-01 7.9019576507e-01 6.1285451199e-01 9.1863902769e-01
9.5000000000e-01 7.9578860470e-01 6.0557451781e-01 9.1743126398e-01
9.6000000000e-01 8.0130716940e-01 5.9825314063e-01 9.1622961371e-01
9.7000000000e-01 8.0675129717e-01 5.9089114439e-01 9.1503447263e-01
9.8000000000e-01 8.1212083539e-01 5.8348928758e-01 9.1384623277e-01
9.9000000000e-01 8.1741564057e-01 5.7604832310e-01 9.1266528235e-01
1.0000000000e+00 8.2263557808e-01 5.6856899817e-01 9.1149200566e-01
1.0100000000e+00 8.2778052192e-01 5.6105205421e-01 9.1032678300e-01
1.0200000000e+00 8.3285035448e-01 5.5349822677e-01 9.0916999056e-01
1.0300000000e+00 8.3784496632e-01 5.4590824542e-01 9.0802200032e-01
1.0400000000e+00 8.4276425586e-01 5.3828283368e-01 9.0688318003e-01
1.0500000000e+00 8.4760812923e-01 5.3062270896e-01 9.0575389306e-01
1.0600000000e+00 8.5237649994e-01 5.2292858246e-01 9.0463449832e-01
1.0700000000e+00 8.5706928868e-01 5.1520115915e-01 9.0352535026e-01
1.0800000000e+00 8.6168642310e-01 5.0744113771e-01 9.0242679871e-01
1.0900000000e+00 8.6622783751e-01 4.9964921046e-01 9.0133918885e-01
1.1000000000e+00 8.7069347269e-01 4.9182606337e-01 9.0026286112e-01
1.1100000000e+00 8.7508327563e-01 4.8397237597e-01 8.9919815121e-01
1.1200000000e+00 8.7939719930e-01 4.7608882140e-01 8.9814538992e-01
1.1300000000e+00 8.8363520240e-01 4.6817606631e-01 8.9710490314e-01
1.1400000000e+00 8.8779724916e-01 4.6023477094e-01 8.9607701179e-01
1.1500000000e+00 8.9188330906e-01 4.5226558903e-01 8.9506203177e-01
1.1600000000e+00 8.9589335663e-01 4.4426916790e-01 8.9406027389e-01
1.1700000000e+00 8.9982737123e-01 4.3624614838e-01 8.9307204382e-01
1.1800000000e+00 9.0368533681e-01 4.2819716491e-01 8.9209764206e-01
1.1900000000e+00 9.0746724166e-01 4.2012284549e-01 8.9113736387e-01
1.2000000000e+00 9.1117307826e-01 4.1202381175e-01 8.9019149925e-01
1.2100000000e+00 9.1480284299e-01 4.0390067896e-01 8.8926033285e-01
1.2200000000e+00 9.1835653594e-01 3.9575405607e-01 8.8834414401e-01
1.2300000000e+00 9.2183416071e-01 3.8758454580e-01 8.8744320663e-01
1.2400000000e+00 9.2523572420e-01 3.7939274460e-01 8.8655778922e-01
1.2500000000e+00 9.2856123639e-01 3.7117924278e-01 8.8568815479e-01
1.2600000000e+00 9.3181071012e-01 3.6294462456e-01 8.8483456086e-01
1.2700000000e+00 9.3498416095e-01 3.5468946810e-01 8.8399725942e-01
1.2800000000e+00 9.3808160688e-01 3.4641434559e-01 8.8317649690e-01
1.2900000000e+00 9.4110306824e-01 3.3811982334e-01 8.8237251413e-01
1.3000000000e+00 9.4404856746e-01 3.2980646185e-01 8.8158554635e-01
1.3100000000e+00 9.4691812886e-01 3.2147481588e-01 8.8081582313e-01
1.3200000000e+00 9.4971177851e-01 3.1312543454e-01 8.8006356839e-01
1.3300000000e+00 9.5242954405e-01 3.0475886142e-01 8.7932900036e-01
1.3400000000e+00 9.5507145449e-01 2.9637563464e-01 8.7861233156e-01
1.3500000000e+00 9.5763754006e-01 2.8797628698e-01 8.7791376879e-01
1.3600000000e+00 9.6012783202e-01 2.7956134599e-01 8.7723351310e-01
1.3700000000e+00 9.6254236254e-01 2.7113133405e-01 8.7657175978e-01
1.3800000000e+00 9.6488116450e-01 2.6268676857e-01 8.7592869833e-01
1.3900000000e+00 9.6714427136e-01 2.5422816203e-01 8.7530451247e-01
1.4000000000e+00 9.6933171700e-01 2.4575602212e-01 8.7469938011e-01
1.4100000000e+00 9.7144353559e-01 2.3727085191e-01 8.7411347333e-01
1.4200000000e+00 9.7347976142e-01 2.2877314989e-01 8.7354695838e-01
1.4300000000e+00 9.7544042879e-01 2.2026341020e-01 8.7299999566e-01
1.4400000000e+00 9.7732557190e-01 2.1174212268e-01 8.7247273974e-01
1.4500000000e+00 9.7913522464e-01 2.0320977305e-01 8.7196533929e-01
1.4600000000e+00 9.8086942058e-01 1.9466684304e-01 8.7147793713e-01
1.4700000000e+00 9.8252819274e-01 1.8611381053e-01 8.7101067019e-01
1.4800000000e+00 9.8411157357e-01 1.7755114970e-01 8.7056366950e-01
1.4900000000e+00 9.8561959479e-01 1.6897933117e-01 8.7013706021e-01
1.5000000000e+00 9.8705228729e-01 1.6039882215e-01 8.6973096156e-01
1.5100000000e+00 9.8840968106e-01 1.5181008660e-01 8.6934548688e-01
1.5200000000e+00 9.8969180504e-01 1.4321358536e-01 8.6898074358e-01
1.5300000000e+00 9.9089868711e-01 1.3460977634e-01 8.6863683317e-01
1.5400000000e+00 9.9203035392e-01 1.2599911467e-01 8.6831385120e-01
1.5500000000e+00 9.9308683088e-01 1.1738205281e-01 8.6801188733e-01
1.5600000000e+00 9.9406814205e-01 1.0875904079e-01 8.6773102526e-01
1.5700000000e+00 9.9497431007e-01 1.0013052632e-01 8.6747134278e-01
1.5800000000e+00 9.9580535610e-01 9.1496954955e-02 8.6723291171e-01
1.5900000000e+00 9.9656129976e-01 8.2858770296e-02 8.6701579796e-01
1.6000000000e+00 9.9724215909e-01 7.4216414119e-02 8.6682006148e-01
1.6100000000e+00 9.9784795048e-01 6.5570326559e-02 8.6664575629e-01
1.6200000000e+00 9.9837868861e-01 5.6920946278e-02 8.6649293043e-01
1.6300000000e+00 9.9883438646e-01 4.8268710633e-02 8.6636162604e-01
1.6400000000e+00 9.9921505522e-01 3.9614055850e-02 8.6625187926e-01
1.6500000000e+00 9.9952070430e-01 3.0957417191e-02 8.6616372031e-01
1.6600000000e+00 9.9975134127e-01 2.2299229125e-02 8.6609717345e-01
1.6700000000e+00 9.9990697189e-01 1.3639925506e-02 8.6605225700e-01
1.6800000000e+00 9.9998760002e-01 4.9799397416e-03 8.6602898330e-01
1.6900000000e+00 9.9999322769e-01 -3.6802950345e-03 8.6602735875e-01
1.7000000000e+00 9.9992385503e-01 -1.2340345787e-02 8.6604738380e-01
1.7100000000e+00 9.9977948032e-01 -2.0999779408e-02 8.6608905295e-01
1.7200000000e+00 9.9956009994e-01 -2.9658162542e-02 8.6615235473e-01
1.7300000000e+00 9.9926570844e-01 -3.8315061414e-02 8.6623727174e-01
1.7400000000e+00 9.9889629851e-01 -4.6970041657e-02 8.6634378059e-01
1.7500000000e+00 9.9845186103e-01 -5.5622668138e-02 8.6647185197e-01
1.7600000000e+00 9.9793238505e-01 -6.4272504789e-02 8.6662145062e-01
1.7700000000e+00 9.9733785787e-01 -7.2919114433e-02 8.6679253531e-01
1.7800000000e+00 9.9666826507e-01 -8.1562058615e-02 8.6698505888e-01
1.7900000000e+00 9.9592359049e-01 -9.0200897429e-02 8.6719896819e-01
1.8000000000e+00 9.9510381636e-01 -9.8835189355e-02 8.6743420421e-01
1.8100000000e+00 9.9420892329e-01 -1.0746449109e-01 8.6769070191e-01
1.8200000000e+00 9.9323889034e-01 -1.1608835736e-01 8.6796839035e-01
1.8300000000e+00 9.9219369508e-01 -1.2470634081e-01 8.6826719264e-01
1.8400000000e+00 9.9107331367e-01 -1.3331799176e-01 8.6858702598e-01
1.8500000000e+00 9.8987772090e-01 -1.4192285812e-01 8.6892780159e-01
1.8600000000e+00 9.8860689030e-01 -1.5052048518e-01 8.6928942480e-01
1.8700000000e+00 9.8726079416e-01 -1.5911041545e-01 8.6967179501e-01
1.8800000000e+00 9.8583940370e-01 -1.6769218855e-01 8.7007480568e-01
1.8900000000e+00 9.8434268909e-01 -1.7626534098e-01 8.7049834438e-01
1.9000000000e+00 9.8277061955e-01 -1.8482940605e-01 8.7094229275e-01
1.9100000000e+00 9.8112316349e-01 -1.9338391364e-01 8.7140652653e-01
1.9200000000e+00 9.7940028857e-01 -2.0192839012e-01 8.7189091557e-01
1.9300000000e+00 9.7760196183e-01 -2.1046235819e-01 8.7239532382e-01
1.9400000000e+00 9.7572814980e-01 -2.1898533669e-01 8.7291960935e-01
1.9500000000e+00 9.7377881860e-01 -2.2749684052e-01 8.7346362436e-01
1.9600000000e+00 9.7175393409e-01 -2.3599638044e-01 8.7402721517e-01
1.9700000000e+00 9.6965346197e-01 -2.4448346300e-01 8.7461022226e-01
1.9800000000e+00 9.6747736794e-01 -2.5295759035e-01 8.7521248025e-01
1.9900000000e+00 9.6522561781e-01 -2.6141826012e-01 8.7583381794e-01
2.0000000000e+00 9.6289817763e-01 -2.6986496532e-01 8.7647405828e-01
2.0100000000e+00 9.6049501389e-01 -2.7829719420e-01 8.7713301844e-01
2.0200000000e+00 9.5801609359e-01 -2.8671443010e-01 8.7781050977e-01
2.0300000000e+00 9.5546138446e-01 -2.9511615138e-01 8.7850633786e-01
2.0400000000e+00 9.5283085509e-01 -3.0350183128e-01 8.7922030252e-01
2.0500000000e+00 9.5012447508e-01 -3.1187093782e-01 8.7995219781e-01
2.0600000000e+00 9.4734221522e-01 -3.2022293368e-01 8.8070181207e-01
2.0700000000e+00 9.4448404768e-01 -3.2855727610e-01 8.8146892792e-01
2.0800000000e+00 9.4154994613e-01 -3.3687341680e-01 8.8225332230e-01
2.0900000000e+00 9.3853988596e-01 -3.4517080188e-01 8.8305476647e-01
2.1000000000e+00 9.3545384445e-01 -3.5344887169e-01 8.8387302606e-01
2.1100000000e+00 9.3229180096e-01 -3.6170706083e-01 8.8470786106e-01
2.1200000000e+00 9.2905373712e-01 -3.6994479797e-01 8.8555902590e-01
2.1300000000e+00 9.2573963699e-01 -3.7816150586e-01 8.8642626941e-01
2.1400000000e+00 9.2234948730e-01 -3.8635660119e-01 8.8730933489e-01
2.1500000000e+00 9.1888327763e-01 -3.9452949457e-01 8.8820796016e-01
2.1600000000e+00 9.1534100062e-01 -4.0267959047e-01 8.8912187754e-01
2.1700000000e+00 9.1172265216e-01 -4.1080628713e-01 8.9005081392e-01
2.1800000000e+00 9.0802823160e-01 -4.1890897652e-01 8.9099449079e-01
2.1900000000e+00 9.0425774200e-01 -4.2698704433e-01 8.9195262429e-01
2.2000000000e+00 9.0041119029e-01 -4.3503986989e-01 8.9292492521e-01
2.2100000000e+00 8.9648858753e-01 -4.4306682615e-01 8.9391109909e-01
2.2200000000e+00 8.9248994909e-01 -4.5106727964e-01 8.9491084621e-01
2.2300000000e+00 8.8841529494e-01 -4.5904059049e-01 8.9592386166e-01
2.2400000000e+00 8.8426464979e-01 -4.6698611236e-01 8.9694983542e-01
2.2500000000e+00 8.8003804338e-01 -4.7490319246e-01 8.9798845233e-01
2.2600000000e+00 8.7573551069e-01 -4.8279117154e-01 8.9903939224e-01
2.2700000000e+00 8.7135709217e-01 -4.9064938390e-01 9.0010232999e-01
2.2800000000e+00 8.6690283397e-01 -4.9847715739e-01 9.0117693550e-01
2.2900000000e+00 8.6237278821e-01 -5.0627381342e-01 9.0226287384e-01
2.3000000000e+00 8.5776701314e-01 -5.1403866700e-01 9.0335980526e-01
2.3100000000e+00 8.5308557346e-01 -5.2177102674e-01 9.0446738529e-01
2.3200000000e+00 8.4832854053e-01 -5.2947019493e-01 9.0558526479e-01
2.3300000000e+00 8.4349599258e-01 -5.3713546754e-01 9.0671309001e-01
2.3400000000e+00 8.3858801501e-01 -5.4476613429e-01 9.0785050269e-01
2.3500000000e+00 8.3360470058e-01 -5.5236147871e-01 9.0899714013e-01
2.3600000000e+00 8.2854614968e-01 -5.5992077818e-01 9.1015263524e-01
2.3700000000e+00 8.2341247057e-01 -5.6744330405e-01 9.1131661666e-01
2.3800000000e+00 8.1820377961e-01 -5.7492832164e-01 9.1248870882e-01
2.3900000000e+00 8.1292020152e-01 -5.8237509043e-01 9.1366853205e-01
2.4000000000e+00 8.0756186963e-01 -5.8978286405e-01 9.1485570264e-01
2.4100000000e+00 8.0212892607e-01 -5.9715089044e-01 9.1604983296e-01
2.4200000000e+00 7.9662152211e-01 -6.0447841195e-01 9.1725053153e-01
2.4300000000e+00 7.9103981828e-01 -6.1176466545e-01 9.1845740317e-01
2.4400000000e+00 7.8538398471e-01 -6.1900888245e-01 9.1967004905e-01
2.4500000000e+00 7.7965420132e-01 -6.2621028924e-01 9.2088806679e-01
2.4600000000e+00 7.7385065807e-01 -6.3336810702e-01 9.2211105065e-01
2.4700000000e+00 7.6797355519e-01 -6.4048155205e-01 9.2333859153e-01
2.4800000000e+00 7.6202310341e-01 -6.4754983581e-01 9.2457027718e-01
2.4900000000e+00 7.5599952421e-01 -6.5457216516e-01 9.2580569226e-01
2.5000000000e+00 7.4990305001e-01 -6.6154774248e-01 9.2704441850e-01
2.5100000000e+00 7.4373392446e-01 -6.6847576591e-01 9.2828603479e-01
2.5200000000e+00 7.3749240259e-01 -6.7535542947e-01 9.2953011732e-01
2.5300000000e+00 7.3117875108e-01 -6.8218592331e-01 9.3077623974e-01
2.5400000000e+00 7.2479324846e-01 -6.8896643386e-01 9.3202397326e-01
2.5500000000e+00 7.1833618531e-01 -6.9569614406e-01 9.3327288678e-01
2.5600000000e+00 7.1180786450e-01 -7.0237423360e-01 9.3452254707e-01
2.5700000000e+00 7.0520860137e-01 -7.0899987909e-01 9.3577251889e-01
2.5800000000e+00 6.9853872392e-01 -7.1557225434e-01 9.3702236514e-01
2.5900000000e+00 6.9179857304e-01 -7.2209053057e-01 9.3827164700e-01
2.6000000000e+00 6.8498850267e-01 -7.2855387667e-01 9.3951992410e-01
2.6100000000e+00 6.7810888000e-01 -7.3496145943e-01 9.4076675467e-01
2.6200000000e+00 6.7116008566e-01 -7.4131244385e-01 9.4201169570e-01
2.6300000000e+00 6.6414251385e-01 -7.4760599335e-01 9.4325430309e-01
2.6400000000e+00 6.5705657256e-01 -7.5384127006e-01 9.4449413185e-01
2.6500000000e+00 6.4990268371e-01 -7.6001743513e-01 9.4573073621e-01
2.6600000000e+00 6.4268128329e-01 -7.6613364898e-01 9.4696366985e-01
2.6700000000e+00 6.3539282154e-01 -7.7218907162e-01 9.4819248603e-01
2.6800000000e+00 6.2803776306e-01 -7.7818286294e-01 9.4941673781e-01
2.6900000000e+00 6.2061658697e-01 -7.8411418299e-01 9.5063597816e-01
2.7000000000e+00 6.1312978703e-01 -7.8998219237e-01 9.5184976023e-01
2.7100000000e+00 6.0557787174e-01 -7.9578605244e-01 9.5305763745e-01
2.7200000000e+00 5.9796136447e-01 -8.0152492575e-01 9.5425916377e-01
2.7300000000e+00 5.9028080358e-01 -8.0719797628e-01 9.5545389382e-01
2.7400000000e+00 5.8253674247e-01 -8.1280436986e-01 9.5664138312e-01
2.7500000000e+00 5.7472974971e-01 -8.1834327443e-01 9.5782118826e-01
2.7600000000e+00 5.6686040907e-01 -8.2381386043e-01 9.5899286710e-01
2.7700000000e+00 5.5892931964e-01 -8.2921530114e-01 9.6015597894e-01
2.7800000000e+00 5.5093709586e-01 -8.3454677305e-01 9.6131008477e-01
2.7900000000e+00 5.4288436758e-01 -8.3980745617e-01 9.6245474743e-01
2.8000000000e+00 5.3477178007e-01 -8.4499653445e-01 9.6358953180e-01
2.8100000000e+00 5.2659999411e-01 -8.5011319611e-01 9.6471400505e-01
2.8200000000e+00 5.1836968595e-01 -8.5515663400e-01 9.6582773679e-01
2.8300000000e+00 5.1008154736e-01 -8.6012604602e-01 9.6693029932e-01
2.8400000000e+00 5.0173628559e-01 -8.6502063543e-01 9.6802126780e-01
2.8500000000e+00 4.9333462342e-01 -8.6983961127e-01 9.6910022047e-01
2.8600000000e+00 4.8487729907e-01 -8.7458218873e-01 9.7016673887e-01
2.8700000000e+00 4.7636506621e-01 -8.7924758953e-01 9.7122040800e-01
2.8800000000e+00 4.6779869393e-01 -8.8383504227e-01 9.7226081659e-01
2.8900000000e+00 4.5917896664e-01 -8.8834378289e-01 9.7328755727e-01
2.9000000000e+00 4.5050668403e-01 -8.9277305495e-01 9.7430022678e-01
2.9100000000e+00 4.4178266100e-01 -8.9712211010e-01 9.7529842617e-01
2.9200000000e+00 4.3300772757e-01 -9.0139020843e-01 9.7628176105e-01
2.9300000000e+00 4.2418272877e-01 -9.0557661885e-01 9.7724984172e-01
2.9400000000e+00 4.1530852455e-01 -9.0968061947e-01 9.7820228345e-01
2.9500000000e+00 4.0638598962e-01 -9.1370149799e-01 9.7913870665e-01
2.9600000000e+00 3.9741601338e-01 -9.1763855210e-01 9.8005873705e-01
2.9700000000e+00 3.8839949971e-01 -9.2149108982e-01 9.8096200597e-01
2.9800000000e+00 3.7933736688e-01 -9.2525842989e-01 9.8184815044e-01
2.9900000000e+00 3.7023054731e-01 -9.2893990216e-01 9.8271681346e-01
3.0000000000e+00 3.6107998747e-01 -9.3253484795e-01 9.8356764417e-01
3.0100000000e+00 3.5188664762e-01 -9.3604262041e-01 9.8440029805e-01
3.0200000000e+00 3.4265150166e-01 -9.3946258489e-01 9.8521443711e-01
3.0300000000e+00 3.3337553690e-01 -9.4279411930e-01 9.8600973010e-01
3.0400000000e+00 3.2405975384e-01 -9.4603661448e-01 9.8678585264e-01
3.0500000000e+00 3.1470516591e-01 -9.4918947452e-01 9.8754248751e-01
3.0600000000e+00 3.0531279929e-01 -9.5225211713e-01 9.8827932471e-01
3.0700000000e+00 2.9588369258e-01 -9.5522397398e-01 9.8899606173e-01
3.0800000000e+00 2.8641889660e-01 -9.5810449100e-01 9.8969240369e-01
3.0900000000e+00 2.7691947405e-01 -9.6089312876e-01 9.9036806351e-01
3.1000000000e+00 2.6738649928e-01 -9.6358936275e-01 9.9102276210e-01
3.1100000000e+00 2.5782105796e-01 -9.6619268372e-01 9.9165622850e-01
3.1200000000e+00 2.4822424680e-01 -9.6870259796e-01 9.9226820005e-01
3.1300000000e+00 2.3859717319e-01 -9.7111862764e-01 9.9285842255e-01
3.1400000000e+00 2.2894095492e-01 -9.7344031104e-01 9.9342665043e-01
3.1500000000e+00 2.1925671982e-01 -9.7566720290e-01 9.9397264686e-01
3.1600000000e+00 2.0954560544e-01 -9.7779887464e-01 9.9449618391e-01
3.1700000000e+00 1.9980875865e-01 -9.7983491465e-01 9.9499704270e-01
3.1800000000e+00 1.9004733535e-01 -9.8177492855e-01 9.9547501354e-01
3.1900000000e+00 1.8026250002e-01 -9.8361853942e-01 9.9592989601e-01
3.2000000000e+00 1.7045542541e-01 -9.8536538804e-01 9.9636149915e-01
3.2100000000e+00 1.6062729212e-01 -9.8701513313e-01 9.9676964152e-01
3.2200000000e+00 1.5077928823e-01 -9.8856745154e-01 9.9715415135e-01
3.2300000000e+00 1.4091260888e-01 -9.9002203847e-01 9.9751486664e-01
3.2400000000e+00 1.3102845587e-01 -9.9137860767e-01 9.9785163523e-01
3.2500000000e+00 1.2112803727e-01 -9.9263689161e-01 9.9816431495e-01
3.2600000000e+00 1.1121256698e-01 -9.9379664164e-01 9.9845277366e-01
3.2700000000e+00 1.0128326431e-01 -9.9485762819e-01 9.9871688936e-01
3.2800000000e+00 9.1341353554e-02 -9.9581964086e-01 9.9895655025e-01
3.2900000000e+00 8.1388063581e-02 -9.9668248861e-01 9.9917165481e-01
3.3000000000e+00 7.1424627362e-02 -9.9744599984e-01 9.9936211187e-01
3.3100000000e+00 6.1452281553e-02 -9.9811002254e-01 9.9952784067e-01
3.3200000000e+00 5.1472266044e-02 -9.9867442434e-01 9.9966877087e-01
3.3300000000e+00 4.1485823516e-02 -9.9913909264e-01 9.9978484266e-01
3.3400000000e+00 3.1494198987e-02 -9.9950393467e-01 9.9987600674e-01
3.3500000000e+00 2.1498639365e-02 -9.9976887754e-01 9.9994222439e-01
3.3600000000e+00 1.1500392992e-02 -9.9993386829e-01 9.9998346748e-01
3.3700000000e+00 1.5007091888e-03 -9.9999887393e-01 9.9999971848e-01
3.3800000000e+00 -8.4991621969e-03 -9.9996388147e-01 9.9999097049e-01
3.3900000000e+00 -1.8497971250e-02 -9.9982889789e-01 9.9995722722e-01
3.4000000000e+00 -2.8494468444e-02 -9.9959395019e-01 9.9989850301e-01
3.4100000000e+00 -3.8487405094e-02 -9.9925908535e-01 9.9981482281e-01
3.4200000000e+00 -4.8475533816e-02 -9.9882437026e-01 9.9970622217e-01
3.4300000000e+00 -5.8457608974e-02 -9.9828989174e-01 9.9957274722e-01
3.4400000000e+00 -6.8432387141e-02 -9.9765575645e-01 9.9941445462e-01
3.4500000000e+00 -7.8398627542e-02 -9.9692209084e-01 9.9923141154e-01
3.4600000000e+00 -8.8355092503e-02 -9.9608904101e-01 9.9902369562e-01
3.4700000000e+00 -9.8300547898e-02 -9.9515677271e-01 9.9879139492e-01
3.4800000000e+00 -1.0823376359e-01 -9.9412547116e-01 9.9853460786e-01
3.4900000000e+00 -1.1815351386e-01 -9.9299534096e-01 9.9825344316e-01
3.5000000000e+00 -1.2805857785e-01 -9.9176660593e-01 9.9794801977e-01
3.5100000000e+00 -1.3794774000e-01 -9.9043950902e-01 9.9761846678e-01
3.5200000000e+00 -1.4781979044e-01 -9.8901431211e-01 9.9726492337e-01
3.5300000000e+00 -1.5767352546e-01 -9.8749129584e-01 9.9688753871e-01
3.5400000000e+00 -1.6750774786e-01 -9.8587075948e-01 9.9648647186e-01
3.5500000000e+00 -1.7732126741e-01 -9.8415302068e-01 9.9606189167e-01
3.5600000000e+00 -1.8711290121e-01 -9.8233841531e-01 9.9561397667e-01
3.5700000000e+00 -1.9688147414e-01 -9.8042729722e-01 9.9514291500e-01
3.5800000000e+00 -2.0662581917e-01 -9.7842003805e-01 9.9464890424e-01
3.5900000000e+00 -2.1634477780e-01 -9.7631702695e-01 9.9413215131e-01
3.6000000000e+00 -2.2603720040e-01 -9.7411867040e-01 9.9359287236e-01
3.6100000000e+00 -2.3570194660e-01 -9.7182539191e-01 9.9303129260e-01
3.6200000000e+00 -2.4533788561e-01 -9.6943763176e-01 9.9244764621e-01
3.6300000000e+00 -2.5494389659e-01 -9.6695584676e-01 9.9184217615e-01
3.6400000000e+00 -2.6451886900e-01 -9.6438050993e-01 9.9121513406e-01
3.6500000000e+00 -2.7406170287e-01 -9.6171211026e-01 9.9056678006e-01
3.6600000000e+00 -2.8357130921e-01 -9.5895115235e-01 9.8989738263e-01
3.6700000000e+00 -2.9304661023e-01 -9.5609815617e-01 9.8920721846e-01
3.6800000000e+00 -3.0248653970e-01 -9.5315365671e-01 9.8849657223e-01
3.6900000000e+00 -3.1189004321e-01 -9.5011820367e-01 9.8776573651e-01
3.7000000000e+00 -3.2125607846e-01 -9.4699236114e-01 9.8701501154e-01
3.7100000000e+00 -3.3058361551e-01 -9.4377670725e-01 9.8624470507e-01
3.7200000000e+00 -3.3987163709e-01 -9.4047183387e-01 9.8545513219e-01
3.7300000000e+00 -3.4911913879e-01 -9.3707834621e-01 9.8464661515e-01
3.7400000000e+00 -3.5832512931e-01 -9.3359686252e-01 9.8381948315e-01
3.7500000000e+00 -3.6748863070e-01 -9.3002801372e-01 9.8297407218e-01
3.7600000000e+00 -3.7660867860e-01 -9.2637244303e-01 9.8211072481e-01
3.7700000000e+00 -3.8568432237e-01 -9.2263080562e-01 9.8122979004e-01
3.7800000000e+00 -3.9471462536e-01 -9.1880376824e-01 9.8033162304e-01
3.7900000000e+00 -4.0369866502e-01 -9.1489200885e-01 9.7941658499e-01
3.8000000000e+00 -4.1263553315e-01 -9.1089621625e-01 9.7848504290e-01
3.8100000000e+00 -4.2152433599e-01 -9.0681708969e-01 9.7753736938e-01
3.8200000000e+00 -4.3036419440e-01 -9.0265533853e-01 9.7657394243e-01
3.8300000000e+00 -4.3915424398e-01 -8.9841168179e-01 9.7559514528e-01
3.8400000000e+00 -4.4789363522e-01 -8.9408684786e-01 9.7460136613e-01
3.8500000000e+00 -4.5658153358e-01 -8.8968157404e-01 9.7359299802e-01
3.8600000000e+00 -4.6521711961e-01 -8.8519660619e-01 9.7257043853e-01
3.8700000000e+00 -4.7379958906e-01 -8.8063269835e-01 9.7153408964e-01
3.8800000000e+00 -4.8232815290e-01 -8.7599061234e-01 9.7048435753e-01
3.8900000000e+00 -4.9080203745e-01 -8.7127111741e-01 9.6942165232e-01
3.9000000000e+00 -4.9922048442e-01 -8.6647498979e-01 9.6834638791e-01
3.9100000000e+00 -5.0758275093e-01 -8.6160301238e-01 9.6725898172e-01
3.9200000000e+00 -5.1588810958e-01 -8.5665597435e-01 9.6615985457e-01
3.9300000000e+00 -5.2413584844e-01 -8.5163467072e-01 9.6504943038e-01
3.9400000000e+00 -5.3232527110e-01 -8.4653990204e-01 9.6392813603e-01
3.9500000000e+00 -5.4045569665e-01 -8.4137247397e-01 9.6279640110e-01
3.9600000000e+00 -5.4852645968e-01 -8.3613319694e-01 9.6165465774e-01
3.9700000000e+00 -5.5653691025e-01 -8.3082288577e-01 9.6050334037e-01
3.9800000000e+00 -5.6448641390e-01 -8.2544235929e-01 9.5934288558e-01
3.9900000000e+00 -5.7237435156e-01 -8.1999244001e-01 9.5817373185e-01
4.0000000000e+00 -5.8020011955e-01 -8.1447395371e-01 9.5699631938e-01
4.0100000000e+00 -5.8796312950e-01 -8.0888772913e-01 9.5581108990e-01
4.0200000000e+00 -5.9566280828e-01 -8.0323459763e-01 9.5461848646e-01
4.0300000000e+00 -6.0329859795e-01 -7.9751539277e-01 9.5341895325e-01
4.0400000000e+00 -6.1086995565e-01 -7.9173095005e-01 9.5221293538e-01
4.0500000000e+00 -6.1837635353e-01 -7.8588210655e-01 9.5100087872e-01
4.0600000000e+00 -6.2581727862e-01 -7.7996970055e-01 9.4978322970e-01
4.0700000000e+00 -6.3319223275e-01 -7.7399457128e-01 9.4856043512e-01
4.0800000000e+00 -6.4050073243e-01 -7.6795755856e-01 9.4733294196e-01
4.0900000000e+00 -6.4774230871e-01 -7.6185950247e-01 9.4610119721e-01
4.1000000000e+00 -6.5491650706e-01 -7.5570124307e-01 9.4486564769e-01
4.1100000000e+00 -6.6202288721e-01 -7.4948362010e-01 9.4362673986e-01
4.1200000000e+00 -6.6906102305e-01 -7.4320747266e-01 9.4238491968e-01
4.1300000000e+00 -6.7603050243e-01 -7.3687363895e-01 9.4114063238e-01
4.1400000000e+00 -6.8293092701e-01 -7.3048295594e-01 9.3989432236e-01
4.1500000000e+00 -6.8976191212e-01 -7.2403625916e-01 9.3864643297e-01
4.1600000000e+00 -6.9652308655e-01 -7.1753438238e-01 9.3739740636e-01
4.1700000000e+00 -7.0321409240e-01 -7.1097815736e-01 9.3614768335e-01
4.1800000000e+00 -7.0983458488e-01 -7.0436841361e-01 9.3489770323e-01
4.1900000000e+00 -7.1638423215e-01 -6.9770597813e-01 9.3364790363e-01
4.2000000000e+00 -7.2286271509e-01 -6.9099167515e-01 9.3239872038e-01
4.2100000000e+00 -7.2926972710e-01 -6.8422632595e-01 9.3115058732e-01
4.2200000000e+00 -7.3560497394e-01 -6.7741074859e-01 9.2990393620e-01
4.2300000000e+00 -7.4186817349e-01 -6.7054575769e-01 9.2865919651e-01
4.2400000000e+00 -7.4805905553e-01 -6.6363216425e-01 9.2741679537e-01
4.2500000000e+00 -7.5417736155e-01 -6.5667077544e-01 9.2617715735e-01
4.2600000000e+00 -7.6022284452e-01 -6.4966239437e-01 9.2494070439e-01
4.2700000000e+00 -7.6619526866e-01 -6.4260781996e-01 9.2370785562e-01
4.2800000000e+00 -7.7209440925e-01 -6.3550784669e-01 9.2247902728e-01
4.2900000000e+00 -7.7792005234e-01 -6.2836326449e-01 9.2125463256e-01
4.3000000000e+00 -7.8367199457e-01 -6.2117485857e-01 9.2003508151e-01
4.3100000000e+00 -7.8935004293e-01 -6.1394340922e-01 9.1882078089e-01
4.3200000000e+00 -7.9495401451e-01 -6.0666969168e-01 9.1761213411e-01
4.3300000000e+00 -8.0048373628e-01 -5.9935447603e-01 9.1640954107e-01
4.3400000000e+00 -8.0593904483e-01 -5.9199852703e-01 9.1521339805e-01
4.3500000000e+00 -8.1131978616e-01 -5.8460260398e-01 9.1402409767e-01
4.3600000000e+00 -8.1662581540e-01 -5.7716746063e-01 9.1284202871e-01
4.3700000000e+00 -8.2185699662e-01 -5.6969384506e-01 9.1166757606e-01
4.3800000000e+00 -8.2701320253e-01 -5.6218249958e-01 9.1050112064e-01
4.3900000000e+00 -8.3209431430e-01 -5.5463416060e-01 9.0934303923e-01
4.4000000000e+00 -8.3710022125e-01 -5.4704955861e-01 9.0819370448e-01
4.4100000000e+00 -8.4203082066e-01 -5.3942941805e-01 9.0705348477e-01
4.4200000000e+00 -8.4688601750e-01 -5.3177445723e-01 9.0592274412e-01
4.4300000000e+00 -8.5166572419e-01 -5.2408538830e-01 9.0480184213e-01
4.4400000000e+00 -8.5636986038e-01 -5.1636291716e-01 9.0369113392e-01
4.4500000000e+00 -8.6099835267e-01 -5.0860774345e-01 9.0259097001e-01
4.4600000000e+00 -8.6555113439e-01 -5.0082056043e-01 9.0150169629e-01
4.4700000000e+00 -8.7002814536e-01 -4.9300205504e-01 9.0042365392e-01
4.4800000000e+00 -8.7442933167e-01 -4.8515290777e-01 8.9935717929e-01
4.4900000000e+00 -8.7875464538e-01 -4.7727379271e-01 8.9830260395e-01
4.5000000000e+00 -8.8300404437e-01 -4.6936537752e-01 8.9726025454e-01
4.5100000000e+00 -8.8717749205e-01 -4.6142832336e-01 8.9623045271e-01
4.5200000000e+00 -8.9127495711e-01 -4.5346328498e-01 8.9521351513e-01
4.5300000000e+00 -8.9529641336e-01 -4.4547091063e-01 8.9420975337e-01
4.5400000000e+00 -8.9924183944e-01 -4.3745184214e-01 8.9321947388e-01
4.5500000000e+00 -9.0311121862e-01 -4.2940671490e-01 8.9224297793e-01
4.5600000000e+00 -9.0690453856e-01 -4.2133615787e-01 8.9128056158e-01
4.5700000000e+00 -9.1062179112e-01 -4.1324079364e-01 8.9033251561e-01
4.5800000000e+00 -9.1426297211e-01 -4.0512123842e-01 8.8939912549e-01
4.5900000000e+00 -9.1782808108e-01 -3.9697810213e-01 8.8848067135e-01
4.6000000000e+00 -9.2131712112e-01 -3.8881198840e-01 8.8757742792e-01
4.6100000000e+00 -9.2473009864e-01 -3.8062349462e-01 8.8668966450e-01
4.6200000000e+00 -9.2806702317e-01 -3.7241321204e-01 8.8581764494e-01
4.6300000000e+00 -9.3132790714e-01 -3.6418172575e-01 8.8496162759e-01
4.6400000000e+00 -9.3451276571e-01 -3.5592961485e-01 8.8412186527e-01
4.6500000000e+00 -9.3762161653e-01 -3.4765745240e-01 8.8329860524e-01
4.6600000000e+00 -9.4065447959e-01 -3.3936580561e-01 8.8249208918e-01
4.6700000000e+00 -9.4361137701e-01 -3.3105523582e-01 8.8170255316e-01
4.6800000000e+00 -9.4649233285e-01 -3.2272629866e-01 8.8093022762e-01
4.6900000000e+00 -9.4929737293e-01 -3.1437954409e-01 8.8017533730e-01
4.7000000000e+00 -9.5202652466e-01 -3.0601551650e-01 8.7943810132e-01
4.7100000000e+00 -9.5467981685e-01 -2.9763475485e-01 8.7871873304e-01
4.7200000000e+00 -9.5725727956e-01 -2.8923779270e-01 8.7801744011e-01
4.7300000000e+00 -9.5975894391e-01 -2.8082515837e-01 8.7733442447e-01
4.7400000000e+00 -9.6218484195e-01 -2.7239737503e-01 8.7666988225e-01
4.7500000000e+00 -9.6453500645e-01 -2.6395496081e-01 8.7602400384e-01
4.7600000000e+00 -9.6680947079e-01 -2.5549842893e-01 8.7539697381e-01
4.7700000000e+00 -9.6900826881e-01 -2.4702828779e-01 8.7478897096e-01
4.7800000000e+00 -9.7113143464e-01 -2.3854504115e-01 8.7420016823e-01
4.7900000000e+00 -9.7317900256e-01 -2.3004918817e-01 8.7363073275e-01
4.8000000000e+00 -9.7515100688e-01 -2.2154122364e-01 8.7308082582e-01
4.8100000000e+00 -9.7704748182e-01 -2.1302163804e-01 8.7255060285e-01
4.8200000000e+00 -9.7886846132e-01 -2.0449091769e-01 8.7204021342e-01
4.8300000000e+00 -9.8061397902e-01 -1.9594954492e-01 8.7154980122e-01
4.8400000000e+00 -9.8228406801e-01 -1.8739799818e-01 8.7107950406e-01
4.8500000000e+00 -9.8387876086e-01 -1.7883675218e-01 8.7062945387e-01
4.8600000000e+00 -9.8539808938e-01 -1.7026627808e-01 8.7019977667e-01
4.8700000000e+00 -9.8684208460e-01 -1.6168704358e-01 8.6979059260e-01
4.8800000000e+00 -9.8821077664e-01 -1.5309951313e-01 8.6940201587e-01
4.8900000000e+00 -9.8950419463e-01 -1.4450414802e-01 8.6903415477e-01
4.9000000000e+00 -9.9072236660e-01 -1.3590140660e-01 8.6868711170e-01
4.9100000000e+00 -9.9186531939e-01 -1.2729174439e-01 8.6836098312e-01
4.9200000000e+00 -9.9293307860e-01 -1.1867561425e-01 8.6805585956e-01
4.9300000000e+00 -9.9392566849e-01 -1.1005346657e-01 8.6777182562e-01
4.9400000000e+00 -9.9484311193e-01 -1.0142574939e-01 8.6750895997e-01
4.9500000000e+00 -9.9568543030e-01 -9.2792908586e-02 8.6726733533e-01
4.9600000000e+00 -9.9645264346e-01 -8.4155388033e-02 8.6704701850e-01
4.9700000000e+00 -9.9714476969e-01 -7.5513629772e-02 8.6684807033e-01
4.9800000000e+00 -9.9776182561e-01 -6.6868074174e-02 8.6667054571e-01
4.9900000000e+00 -9.9830382619e-01 -5.8219160113e-02 8.6651449360e-01
5.0000000000e+00 -9.9877078465e-01 -4.9567325130e-02 8.6637995700e-01
5.0100000000e+00 -9.9916271246e-01 -4.0913005609e-02 8.6626697298e-01
5.0200000000e+00 -9.9947961929e-01 -3.2256636946e-02 8.6617557263e-01
5.0300000000e+00 -9.9972151299e-01 -2.3598653719e-02 8.6610578111e-01
5.0400000000e+00 -9.9988839959e-01 -1.4939489863e-02 8.6605761763e-01
5.0500000000e+00 -9.9998028325e-01 -6.2795788409e-03 8.6603109542e-01
5.0600000000e+00 -9.9999716626e-01 2.3806461830e-03 8.6602622179e-01
5.0700000000e+00 -9.9993904904e-01 1.1040752170e-02 8.6604299807e-01
5.0800000000e+00 -9.9980593014e-01 1.9700306033e-02 8.6608141966e-01
5.0900000000e+00 -9.9959780624e-01 2.8358874467e-02 8.6614147597e-01
5.1000000000e+00 -9.9931467215e-01 3.7016023769e-02 8.6622315050e-01
5.1100000000e+00 -9.9895652085e-01 4.5671319672e-02 8.6632642077e-01
5.1200000000e+00 -9.9852334348e-01 5.4324327170e-02 8.6645125835e-01
5.1300000000e+00 -9.9801512937e-01 6.2974610345e-02 8.6659762886e-01
5.1400000000e+00 -9.9743186608e-01 7.1621732199e-02 8.6676549198e-01
5.1500000000e+00 -9.9677353944e-01 8.0265254477e-02 8.6695480143e-01
5.1600000000e+00 -9.9604013355e-01 8.8904737505e-02 8.6716550499e-01
5.1700000000e+00 -9.9523163088e-01 9.7539740013e-02 8.6739754449e-01
5.1800000000e+00 -9.9434801228e-01 1.0616981897e-01 8.6765085580e-01
5.1900000000e+00 -9.9338925704e-01 1.1479452943e-01 8.6792536889e-01
5.2000000000e+00 -9.9235534295e-01 1.2341342434e-01 8.6822100774e-01
5.2100000000e+00 -9.9124624638e-01 1.3202605439e-01 8.6853769044e-01
5.2200000000e+00 -9.9006194231e-01 1.4063196785e-01 8.6887532912e-01
5.2300000000e+00 -9.8880240446e-01 1.4923071043e-01 8.6923382999e-01
5.2400000000e+00 -9.8746760531e-01 1.5782182505e-01 8.6961309332e-01
5.2500000000e+00 -9.8605751622e-01 1.6640485178e-01 8.7001301349e-01
5.2600000000e+00 -9.8457210752e-01 1.7497932761e-01 8.7043347893e-01
5.2700000000e+00 -9.8301134857e-01 1.8354478632e-01 8.7087437217e-01
5.2800000000e+00 -9.8137520788e-01 1.9210075833e-01 8.7133556986e-01
5.2900000000e+00 -9.7966365323e-01 2.0064677055e-01 8.7181694271e-01
5.3000000000e+00 -9.7787665175e-01 2.0918234621e-01 8.7231835556e-01
5.3100000000e+00 -9.7601417002e-01 2.1770700477e-01 8.7283966738e-01
5.3200000000e+00 -9.7407617422e-01 2.2622026170e-01 8.7338073122e-01
5.3300000000e+00 -9.7206263026e-01 2.3472162843e-01 8.7394139430e-01
5.3400000000e+00 -9.6997350384e-01 2.4321061212e-01 8.7452149798e-01
5.3500000000e+00 -9.6780876065e-01 2.5168671559e-01 8.7512087774e-01
5.3600000000e+00 -9.6556836647e-01 2.6014943718e-01 8.7573936327e-01
5.3700000000e+00 -9.6325228733e-01 2.6859827058e-01 8.7637677839e-01
5.3800000000e+00 -9.6086048961e-01 2.7703270475e-01 8.7703294114e-01
5.3900000000e+00 -9.5839294025e-01 2.8545222381e-01 8.7770766374e-01
5.4000000000e+00 -9.5584960685e-01 2.9385630685e-01 8.7840075264e-01
5.4100000000e+00 -9.5323045786e-01 3.0224442790e-01 8.7911200851e-01
5.4200000000e+00 -9.5053546273e-01 3.1061605576e-01 8.7984122629e-01
5.4300000000e+00 -9.4776459205e-01 3.1897065391e-01 8.8058819517e-01
5.4400000000e+00 -9.4491781776e-01 3.2730768043e-01 8.8135269863e-01
5.4500000000e+00 -9.4199511331e-01 3.3562658787e-01 8.8213451445e-01
5.4600000000e+00 -9.3899645383e-01 3.4392682317e-01 8.8293341475e-01
5.4700000000e+00 -9.3592181628e-01 3.5220782756e-01 8.8374916601e-01
5.4800000000e+00 -9.3277117972e-01 3.6046903650e-01 8.8458152905e-01
5.4900000000e+00 -9.2954452540e-01 3.6870987957e-01 8.8543025913e-01
5.5000000000e+00 -9.2624183702e-01 3.7692978038e-01 8.8629510593e-01
5.5100000000e+00 -9.2286310090e-01 3.8512815657e-01 8.8717581359e-01
5.5200000000e+00 -9.1940830618e-01 3.9330441965e-01 8.8807212072e-01
5.5300000000e+00 -9.1587744502e-01 4.0145797502e-01 8.8898376048e-01
5.5400000000e+00 -9.1227051280e-01 4.0958822184e-01 8.8991046057e-01
5.5500000000e+00 -9.0858750836e-01 4.1769455306e-01 8.9085194330e-01
5.5600000000e+00 -9.0482843417e-01 4.2577635528e-01 8.9180792559e-01
5.5700000000e+00 -9.0099329657e-01 4.3383300880e-01 8.9277811905e-01
5.5800000000e+00 -8.9708210599e-01 4.4186388753e-01 8.9376222998e-01
5.5900000000e+00 -8.9309487715e-01 4.4986835897e-01 8.9475995947e-01
5.6000000000e+00 -8.8903162929e-01 4.5784578420e-01 8.9577100338e-01
5.6100000000e+00 -8.8489238641e-01 4.6579551786e-01 8.9679505244e-01
5.6200000000e+00 -8.8067717748e-01 4.7371690813e-01 8.9783179228e-01
5.6300000000e+00 -8.7638603668e-01 4.8160929673e-01 8.9888090348e-01
5.6400000000e+00 -8.7201900362e-01 4.8947201893e-01 8.9994206163e-01
5.6500000000e+00 -8.6757612359e-01 4.9730440353e-01 9.0101493740e-01
5.6600000000e+00 -8.6305744777e-01 5.0510577292e-01 9.0209919656e-01
5.6700000000e+00 -8.5846303351e-01 5.1287544305e-01 9.0319450009e-01
5.6800000000e+00 -8.5379294451e-01 5.2061272352e-01 9.0430050423e-01
5.6900000000e+00 -8.4904725112e-01 5.2831691755e-01 9.0541686052e-01
5.7000000000e+00 -8.4422603052e-01 5.3598732204e-01 9.0654321591e-01
5.7100000000e+00 -8.3932936701e-01 5.4362322767e-01 9.0767921282e-01
5.7200000000e+00 -8.3435735224e-01 5.5122391888e-01 9.0882448919e-01
5.7300000000e+00 -8.2931008545e-01 5.5878867398e-01 9.0997867860e-01
5.7400000000e+00 -8.2418767368e-01 5.6631676520e-01 9.1114141033e-01
5.7500000000e+00 -8.1899023207e-01 5.7380745879e-01 9.1231230942e-01
5.7600000000e+00 -8.1371788408e-01 5.8126001507e-01 9.1349099681e-01
5.7700000000e+00 -8.0837076172e-01 5.8867368855e-01 9.1467708940e-01
5.7800000000e+00 -8.0294900579e-01 5.9604772803e-01 9.1587020014e-01
5.7900000000e+00 -7.9745276616e-01 6.0338137669e-01 9.1706993812e-01
5.8000000000e+00 -7.9188220197e-01 6.1067387220e-01 9.1827590871e-01
5.8100000000e+00 -7.8623748190e-01 6.1792444688e-01 9.1948771361e-01
5.8200000000e+00 -7.8051878437e-01 6.2513232778e-01 9.2070495099e-01
5.8300000000e+00 -7.7472629782e-01 6.3229673687e-01 9.2192721559e-01
5.8400000000e+00 -7.6886022092e-01 6.3941689114e-01 9.2315409881e-01
5.8500000000e+00 -7.6292076282e-01 6.4649200277e-01 9.2438518886e-01
5.8600000000e+00 -7.5690814337e-01 6.5352127930e-01 9.2562007087e-01
5.8700000000e+00 -7.5082259334e-01 6.6050392378e-01 9.2685832699e-01
5.8800000000e+00 -7.4466435466e-01 6.6743913497e-01 9.2809953653e-01
5.8900000000e+00 -7.3843368066e-01 6.7432610750e-01 9.2934327608e-01
5.9000000000e+00 -7.3213083625e-01 6.8116403209e-01 9.3058911966e-01
5.9100000000e+00 -7.2575609816e-01 6.8795209570e-01 9.3183663883e-01
5.9200000000e+00 -7.1930975516e-01 6.9468948180e-01 9.3308540285e-01
5.9300000000e+00 -7.1279210825e-01 7.0137537054e-01 9.3433497878e-01
5.9400000000e+00 -7.0620347090e-01 7.0800893899e-01 9.3558493169e-01
5.9500000000e+00 -6.9954416918e-01 7.1458936135e-01 9.3683482472e-01
5.9600000000e+00 -6.9281454205e-01 7.2111580922e-01 9.3808421933e-01
5.9700000000e+00 -6.8601494148e-01 7.2758745183e-01 9.3933267536e-01
5.9800000000e+00 -6.7914573265e-01 7.3400345627e-01 9.4057975123e-01
5.9900000000e+00 -6.7220729416e-01 7.4036298777e-01 9.4182500413e-01
6.0000000000e+00 -6.6520001818e-01 7.4666520999e-01 9.4306799009e-01
6.0100000000e+00 -6.5812431060e-01 7.5290928523e-01 9.4430826425e-01
6.0200000000e+00 -6.5098059124e-01 7.5909437478e-01 9.4554538095e-01
6.0300000000e+00 -6.4376929399e-01 7.6521963913e-01 9.4677889394e-01
6.0400000000e+00 -6.3649086692e-01 7.7128423835e-01 9.4800835654e-01
6.0500000000e+00 -6.2914577248e-01 7.7728733231e-01 9.4923332180e-01
6.0600000000e+00 -6.2173448760e-01 7.8322808104e-01 9.5045334273e-01
6.0700000000e+00 -6.1425750382e-01 7.8910564501e-01 9.5166797242e-01
6.0800000000e+00 -6.0671532744e-01 7.9491918548e-01 9.5287676425e-01
6.0900000000e+00 -5.9910847959e-01 8.0066786477e-01 9.5407927207e-01
6.1000000000e+00 -5.9143749637e-01 8.0635084664e-01 9.5527505042e-01
6.1100000000e+00 -5.8370292891e-01 8.1196729661e-01 9.5646365466e-01
6.1200000000e+00 -5.7590534350e-01 8.1751638229e-01 9.5764464120e-01
6.1300000000e+00 -5.6804532164e-01 8.2299727372e-01 9.5881756770e-01
6.1400000000e+00 -5.6012346010e-01 8.2840914374e-01 9.5998199324e-01
6.1500000000e+00 -5.5214037103e-01 8.3375116832e-01 9.6113747854e-01
6.1600000000e+00 -5.4409668194e-01 8.3902252693e-01 9.6228358614e-01
6.1700000000e+00 -5.3599303581e-01 8.4422240290e-01 9.6341988062e-01
6.1800000000e+00 -5.2783009107e-01 8.4934998378e-01 9.6454592878e-01
6.1900000000e+00 -5.1960852166e-01 8.5440446172e-01 9.6566129986e-01
6.2000000000e+00 -5.1132901700e-01 8.5938503382e-01 9.6676556573e-01
6.2100000000e+00 -5.0299228205e-01 8.6429090252e-01 9.6785830111e-01
6.2200000000e+00 -4.9459903724e-01 8.6912127598e-01 9.6893908378e-01
6.2300000000e+00 -4.8615001848e-01 8.7387536842e-01 9.7000749475e-01
6.2400000000e+00 -4.7764597713e-01 8.7855240056e-01 9.7106311851e-01
6.2500000000e+00 -4.6908767995e-01 8.8315159996e-01 9.7210554320e-01
6.2600000000e+00 -4.6047590907e-01 8.8767220141e-01 9.7313436086e-01
6.2700000000e+00 -4.5181146189e-01 8.9211344732e-01 9.7414916759e-01
6.2800000000e+00 -4.4309515103e-01 8.9647458811e-01 9.7514956380e-01
6.2900000000e+00 -4.3432780425e-01 9.0075488255e-01 9.7613515437e-01
6.3000000000e+00 -4.2551026433e-01 9.0495359822e-01 9.7710554892e-01
6.3100000000e+00 -4.1664338899e-01 9.0907001183e-01 9.7806036194e-01
6.3200000000e+00 -4.0772805073e-01 9.1310340961e-01 9.7899921305e-01
6.3300000000e+00 -3.9876513676e-01 9.1705308772e-01 9.7992172719e-01
6.3400000000e+00 -3.8975554880e-01 9.2091835261e-01 9.8082753481e-01
6.3500000000e+00 -3.8070020296e-01 9.2469852139e-01 9.8171627208e-01
6.3600000000e+00 -3.7160002956e-01 9.2839292222e-01 9.8258758108e-01
6.3700000000e+00 -3.6245597296e-01 9.3200089467e-01 9.8344111004e-01
6.3800000000e+00 -3.5326899137e-01 9.3552179009e-01 9.8427651345e-01
6.3900000000e+00 -3.4404005665e-01 9.3895497198e-01 9.8509345234e-01
6.4000000000e+00 -3.3477015413e-01 9.4229981635e-01 9.8589159443e-01
6.4100000000e+00 -3.2546028231e-01 9.4555571207e-01 9.8667061431e-01
6.4200000000e+00 -3.1611145274e-01 9.4872206122e-01 9.8743019366e-01
6.4300000000e+00 -3.0672468967e-01 9.5179827944e-01 9.8817002139e-01
6.4400000000e+00 -2.9730102986e-01 9.5478379628e-01 9.8888979386e-01
6.4500000000e+00 -2.8784152231e-01 9.5767805552e-01 9.8958921503e-01
6.4600000000e+00 -2.7834722797e-01 9.6048051551e-01 9.9026799664e-01
6.4700000000e+00 -2.6881921945e-01 9.6319064948e-01 9.9092585838e-01
6.4800000000e+00 -2.5925858075e-01 9.6580794587e-01 9.9156252807e-01
6.4900000000e+00 -2.4966640692e-01 9.6833190862e-01 9.9217774179e-01
6.5000000000e+00 -2.4004380379e-01 9.7076205749e-01 9.9277124407e-01
6.5100000000e+00 -2.3039188760e-01 9.7309792833e-01 9.9334278803e-01
6.5200000000e+00 -2.2071178470e-01 9.7533907339e-01 9.9389213551e-01
6.5300000000e+00 -2.1100463120e-01 9.7748506158e-01 9.9441905724e-01
6.5400000000e+00 -2.0127157261e-01 9.7953547871e-01 9.9492333298e-01
6.5500000000e+00 -1.9151376346e-01 9.8148992781e-01 9.9540475165e-01
6.5600000000e+00 -1.8173236700e-01 9.8334802932e-01 9.9586311142e-01
6.5700000000e+00 -1.7192855476e-01 9.8510942136e-01 9.9629821992e-01
6.5800000000e+00 -1.6210350618e-01 9.8677375993e-01 9.9670989426e-01
6.5900000000e+00 -1.5225840824e-01 9.8834071914e-01 9.9709796122e-01
6.6000000000e+00 -1.4239445504e-01 9.8980999145e-01 9.9746225733e-01
6.6100000000e+00 -1.3251284743e-01 9.9118128779e-01 9.9780262894e-01
6.6200000000e+00 -1.2261479255e-01 9.9245433781e-01 9.9811893237e-01
6.6300000000e+00 -1.1270150344e-01 9.9362889004e-01 9.9841103398e-01
6.6400000000e+00 -1.0277419865e-01 9.9470471201e-01 9.9867881024e-01
6.6500000000e+00 -9.2834101737e-02 9.9568159044e-01 9.9892214781e-01
6.6600000000e+00 -8.2882440917e-02 9.9655933139e-01 9.9914094363e-01
6.6700000000e+00 -7.2920448573e-02 9.9733776033e-01 9.9933510498e-01
6.6800000000e+00 -6.2949360835e-02 9.9801672229e-01 9.9950454951e-01
6.6900000000e+00 -5.2970417138e-02 9.9859608196e-01 9.9964920533e-01
6.7000000000e+00 -4.2984859770e-02 9.9907572377e-01 9.9976901105e-01
6.7100000000e+00 -3.2993933429e-02 9.9945555196e-01 9.9986391578e-01
6.7200000000e+00 -2.2998884767e-02 9.9973549066e-01 9.9993387923e-01
6.7300000000e+00 -1.3000961940e-02 9.9991548392e-01 9.9997887165e-01
6.7400000000e+00 -3.0014141529e-03 9.9999549574e-01 9.9999887394e-01
6.7500000000e+00 6.9985087987e-03 9.9997551013e-01 9.9999387759e-01
6.7600000000e+00 1.6997556980e-02 9.9985553109e-01 9.9996388473e-01
6.7700000000e+00 2.6994480778e-02 9.9963558260e-01 9.9990890810e-01
6.7800000000e+00 3.6988031351e-02 9.9931570864e-01 9.9982897107e-01
6.7900000000e+00 4.6976961091e-02 9.9889597312e-01 9.9972410758e-01
6.8000000000e+00 5.6960024072e-02 9.9837645988e-01 9.9959436219e-01
6.8100000000e+00 6.6935976506e-02 9.9775727261e-01 9.9943978996e-01
6.8200000000e+00 7.6903577191e-02 9.9703853477e-01 9.9926045651e-01
6.8300000000e+00 8.6861587960e-02 9.9622038954e-01 9.9905643791e-01
6.8400000000e+00 9.6808774125e-02 9.9530299972e-01 9.9882782065e-01
6.8500000000e+00 1.0674390492e-01 9.9428654761e-01 9.9857470161e-01
6.8600000000e+00 1.1666575394e-01 9.9317123491e-01 9.9829718795e-01
6.8700000000e+00 1.2657309958e-01 9.9195728258e-01 9.9799539709e-01
6.8800000000e+00 1.3646472543e-01 9.9064493069e-01 9.9766945662e-01
6.8900000000e+00 1.4633942077e-01 9.8923443830e-01 9.9731950421e-01
6.9000000000e+00 1.5619598092e-01 9.8772608325e-01 9.9694568753e-01
6.9100000000e+00 1.6603320768e-01 9.8612016202e-01 9.9654816416e-01
6.9200000000e+00 1.7584990974e-01 9.8441698951e-01 9.9612710148e-01
6.9300000000e+00 1.8564490310e-01 9.8261689887e-01 9.9568267660e-01
6.9400000000e+00 1.9541701143e-01 9.8072024127e-01 9.9521507621e-01
6.9500000000e+00 2.0516506646e-01 9.7872738569e-01 9.9472449647e-01
6.9600000000e+00 2.1488790839e-01 9.7663871868e-01 9.9421114292e-01
6.9700000000e+00 2.2458438624e-01 9.7445464412e-01 9.9367523032e-01
6.9800000000e+00 2.3425335822e-01 9.7217558299e-01 9.9311698255e-01
6.9900000000e+00 2.4389369208e-01 9.6980197306e-01 9.9253663244e-01
7.0000000000e+00 2.5350426547e-01 9.6733426869e-01 9.9193442164e-01
7.0100000000e+00 2.6308396627e-01 9.6477294048e-01 9.9131060050e-01
7.0200000000e+00 2.7263169293e-01 9.6211847503e-01 9.9066542788e-01
7.0300000000e+00 2.8214635477e-01 9.5937137464e-01 9.8999917102e-01
7.0400000000e+00 2.9162687231e-01 9.5653215698e-01 9.8931210537e-01
7.0500000000e+00 3.0107217756e-01 9.5360135481e-01 9.8860451444e-01
7.0600000000e+00 3.1048121432e-01 9.5057951563e-01 9.8787668961e-01
7.0700000000e+00 3.1985293846e-01 9.4746720141e-01 9.8712893000e-01
7.0800000000e+00 3.2918631817e-01 9.4426498819e-01 9.8636154222e-01
7.0900000000e+00 3.3848033425e-01 9.4097346579e-01 9.8557484030e-01
7.1000000000e+00 3.4773398034e-01 9.3759323745e-01 9.8476914539e-01
7.1100000000e+00 3.5694626318e-01 9.3412491948e-01 9.8394478569e-01
7.1200000000e+00 3.6611620280e-01 9.3056914092e-01 9.8310209618e-01
7.1300000000e+00 3.7524283277e-01 9.2692654318e-01 9.8224141844e-01
7.1400000000e+00 3.8432520039e-01 9.2319777964e-01 9.8136310053e-01
7.1500000000e+00 3.9336236689e-01 9.1938351535e-01 9.8046749669e-01
7.1600000000e+00 4.0235340762e-01 9.1548442661e-01 9.7955496724e-01
7.1700000000e+00 4.1129741218e-01 9.1150120062e-01 9.7862587830e-01
7.1800000000e+00 4.2019348465e-01 9.0743453507e-01 9.7768060166e-01
7.1900000000e+00 4.2904074369e-01 9.0328513784e-01 9.7671951452e-01
7.2000000000e+00 4.3783832267e-01 8.9905372653e-01 9.7574299935e-01
7.2100000000e+00 4.4658536985e-01 8.9474102813e-01 9.7475144362e-01
7.2200000000e+00 4.5528104842e-01 8.9034777864e-01 9.7374523964e-01
7.2300000000e+00 4.6392453668e-01 8.8587472266e-01 9.7272478433e-01
7.2400000000e+00 4.7251502808e-01 8.8132261303e-01 9.7169047904e-01
7.2500000000e+00 4.8105173130e-01 8.7669221041e-01 9.7064272930e-01
7.2600000000e+00 4.8953387037e-01 8.7198428297e-01 9.6958194467e-01
7.2700000000e+00 4.9796068467e-01 8.6719960592e-01 9.6850853848e-01
7.2800000000e+00 5.0633142901e-01 8.6233896119e-01 9.6742292767e-01
7.2900000000e+00 5.1464537365e-01 8.5740313702e-01 9.6632553254e-01
7.3000000000e+00 5.2290180437e-01 8.5239292758e-01 9.6521677655e-01
7.3100000000e+00 5.3110002240e-01 8.4730913261e-01 9.6409708616e-01
7.3200000000e+00 5.3923934452e-01 8.4215255703e-01 9.6296689056e-01
7.3300000000e+00 5.4731910299e-01 8.3692401059e-01 9.6182662152e-01
7.3400000000e+00 5.5533864555e-01 8.3162430745e-01 9.6067671314e-01
7.3500000000e+00 5.6329733542e-01 8.2625426589e-01 9.5951760169e-01
7.3600000000e+00 5.7119455122e-01 8.2081470786e-01 9.5834972539e-01
7.3700000000e+00 5.7902968698e-01 8.1530645869e-01 9.5717352418e-01
7.3800000000e+00 5.8680215201e-01 8.0973034671e-01 9.5598943958e-01
7.3900000000e+00 5.9451137092e-01 8.0408720288e-01 9.5479791445e-01
7.4000000000e+00 6.0215678348e-01 7.9837786048e-01 9.5359939283e-01
7.4100000000e+00 6.0973784458e-01 7.9260315472e-01 9.5239431970e-01
7.4200000000e+00 6.1725402412e-01 7.8676392247e-01 9.5118314084e-01
7.4300000000e+00 6.2470480690e-01 7.8086100186e-01 9.4996630258e-01
7.4400000000e+00 6.3208969255e-01 7.7489523199e-01 9.4874425169e-01
7.4500000000e+00 6.3940819538e-01 7.6886745260e-01 9.4751743514e-01
7.4600000000e+00 6.4665984426e-01 7.6277850377e-01 9.4628629993e-01
7.4700000000e+00 6.5384418250e-01 7.5662922558e-01 9.4505129291e-01
7.4800000000e+00 6.6096076772e-01 7.5042045783e-01 9.4381286061e-01
7.4900000000e+00 6.6800917168e-01 7.4415303973e-01 9.4257144908e-01
7.5000000000e+00 6.7498898014e-01 7.3782780964e-01 9.4132750366e-01
7.5100000000e+00 6.8189979271e-01 7.3144560474e-01 9.4008146889e-01
7.5200000000e+00 6.8874122266e-01 7.2500726079e-01 9.3883378829e-01
7.5300000000e+00 6.9551289680e-01 7.1851361182e-01 9.3758490419e-01
7.5400000000e+00 7.0221445522e-01 7.1196548994e-01 9.3633525764e-01
7.5500000000e+00 7.0884555120e-01 7.0536372499e-01 9.3508528815e-01
7.5600000000e+00 7.1540585094e-01 6.9870914437e-01 9.3383543362e-01
7.5700000000e+00 7.2189503344e-01 6.9200257275e-01 9.3258613015e-01
7.5800000000e+00 7.2831279023e-01 6.8524483185e-01 9.3133781190e-01
7.5900000000e+00 7.3465882523e-01 6.7843674024e-01 9.3009091094e-01
7.6000000000e+00 7.4093285450e-01 6.7157911307e-01 9.2884585710e-01
7.6100000000e+00 7.4713460607e-01 6.6467276189e-01 9.2760307787e-01
7.6200000000e+00 7.5326381968e-01 6.5771849446e-01 9.2636299822e-01
7.6300000000e+00 7.5932024658e-01 6.5071711451e-01 9.2512604047e-01
7.6400000000e+00 7.6530364934e-01 6.4366942159e-01 9.2389262420e-01
7.6500000000e+00 7.7121380157e-01 6.3657621088e-01 9.2266316608e-01
7.6600000000e+00 7.7705048772e-01 6.2943827301e-01 9.2143807977e-01
7.6700000000e+00 7.8281350287e-01 6.2225639387e-01 9.2021777580e-01
7.6800000000e+00 7.8850265247e-01 6.1503135452e-01 9.1900266144e-01
7.6900000000e+00 7.9411775210e-01 6.0776393097e-01 9.1779314059e-01
7.7000000000e+00 7.9965862727e-01 6.0045489408e-01 9.1658961369e-01
7.7100000000e+00 8.0512511313e-01 5.9310500941e-01 9.1539247759e-01
7.7200000000e+00 8.1051705429e-01 5.8571503710e-01 9.1420212543e-01
7.7300000000e+00 8.1583430454e-01 5.7828573173e-01 9.1301894660e-01
7.7400000000e+00 8.2107672660e-01 5.7081784225e-01 9.1184332658e-01
7.7500000000e+00 8.2624419191e-01 5.6331211182e-01 9.1067564687e-01
7.7600000000e+00 8.3133658039e-01 5.5576927776e-01 9.0951628490e-01
7.7700000000e+00 8.3635378014e-01 5.4819007145e-01 9.0836561394e-01
7.7800000000e+00 8.4129568727e-01 5.4057521823e-01 9.0722400300e-01
7.7900000000e+00 8.4616220562e-01 5.3292543735e-01 9.0609181677e-01
7.8000000000e+00 8.5095324649e-01 5.2524144188e-01 9.0496941553e-01
7.8100000000e+00 8.5566872847e-01 5.1752393868e-01 9.0385715506e-01
7.8200000000e+00 8.6030857713e-01 5.0977362830e-01 9.0275538658e-01
7.8300000000e+00 8.6487272480e-01 5.0199120499e-01 9.0166445668e-01
7.8400000000e+00 8.6936111035e-01 4.9417735662e-01 9.0058470724e-01
7.8500000000e+00 8.7377367894e-01 4.8633276466e-01 8.9951647537e-01
7.8600000000e+00 8.7811038176e-01 4.7845810417e-01 8.9846009334e-01
7.8700000000e+00 8.8237117581e-01 4.7055404374e-01 8.9741588853e-01
7.8800000000e+00 8.8655602370e-01 4.6262124555e-01 8.9638418336e-01
7.8900000000e+00 8.9066489334e-01 4.5466036529e-01 8.9536529523e-01
7.9000000000e+00 8.9469775778e-01 4.4667205219e-01 8.9435953649e-01
7.9100000000e+00 8.9865459496e-01 4.3865694904e-01 8.9336721437e-01
7.9200000000e+00 9.0253538747e-01 4.3061569219e-01 8.9238863090e-01
7.9300000000e+00 9.0634012232e-01 4.2254891157e-01 8.9142408293e-01
7.9400000000e+00 9.1006879075e-01 4.1445723073e-01 8.9047386205e-01
7.9500000000e+00 9.1372138799e-01 4.0634126683e-01 8.8953825452e-01
7.9600000000e+00 9.1729791305e-01 3.9820163072e-01 8.8861754127e-01
7.9700000000e+00 9.2079836850e-01 3.9003892699e-01 8.8771199784e-01
7.9800000000e+00 9.2422276026e-01 3.8185375395e-01 8.8682189436e-01
7.9900000000e+00 9.2757109741e-01 3.7364670376e-01 8.8594749550e-01
8.0000000000e+00 9.3084339196e-01 3.6541836246e-01 8.8508906042e-01
8.0100000000e+00 9.3403965867e-01 3.5716931002e-01 8.8424684278e-01
8.0200000000e+00 9.3715991483e-01 3.4890012042e-01 8.8342109069e-01
8.0300000000e+00 9.4020418009e-01 3.4061136172e-01 8.8261204665e-01
8.0400000000e+00 9.4317247626e-01 3.3230359615e-01 8.8181994759e-01
8.0500000000e+00 9.4606482712e-01 3.2397738019e-01 8.8104502478e-01
8.0600000000e+00 9.4888125824e-01 3.1563326464e-01 8.8028750383e-01
8.0700000000e+00 9.5162179681e-01 3.0727179473e-01 8.7954760469e-01
8.0800000000e+00 9.5428647142e-01 2.9889351021e-01 8.7882554160e-01
8.0900000000e+00 9.5687531198e-01 2.9049894546e-01 8.7812152308e-01
8.1000000000e+00 9.5938834945e-01 2.8208862958e-01 8.7743575189e-01
8.1100000000e+00 9.6182561573e-01 2.7366308650e-01 8.7676842507e-01
8.1200000000e+00 9.6418714352e-01 2.6522283511e-01 8.7611973384e-01
8.1300000000e+00 9.6647296611e-01 2.5676838934e-01 8.7548986368e-01
8.1400000000e+00 9.6868311728e-01 2.4830025832e-01 8.7487899422e-01
8.1500000000e+00 9.7081763112e-01 2.3981894648e-01 8.7428729931e-01
8.1600000000e+00 9.7287654191e-01 2.3132495369e-01 8.7371494694e-01
8.1700000000e+00 9.7485988395e-01 2.2281877537e-01 8.7316209929e-01
8.1800000000e+00 9.7676769148e-01 2.1430090264e-01 8.7262891264e-01
8.1900000000e+00 9.7859999851e-01 2.0577182244e-01 8.7211553747e-01
8.2000000000e+00 9.8035683870e-01 1.9723201768e-01 8.7162211833e-01
8.2100000000e+00 9.8203824527e-01 1.8868196739e-01 8.7114879393e-01
8.2200000000e+00 9.8364425084e-01 1.8012214684e-01 8.7069569708e-01
8.2300000000e+00 9.8517488736e-01 1.7155302769e-01 8.7026295468e-01
8.2400000000e+00 9.8663018598e-01 1.6297507818e-01 8.6985068776e-01
8.2500000000e+00 9.8801017696e-01 1.5438876322e-01 8.6945901141e-01
8.2600000000e+00 9.8931488959e-01 1.4579454456e-01 8.6908803482e-01
8.2700000000e+00 9.9054435206e-01 1.3719288099e-01 8.6873786127e-01
8.2800000000e+00 9.9169859140e-01 1.2858422845e-01 8.6840858812e-01
8.2900000000e+00 9.9277763341e-01 1.1996904018e-01 8.6810030677e-01
8.3000000000e+00 9.9378150254e-01 1.1134776693e-01 8.6781310273e-01
8.3100000000e+00 9.9471022188e-01 1.0272085708e-01 8.6754705554e-01
8.3200000000e+00 9.9556381304e-01 9.4088756827e-02 8.6730223884e-01
8.3300000000e+00 9.9634229611e-01 8.5451910335e-02 8.6707872031e-01
8.3400000000e+00 9.9704568960e-01 7.6810759907e-02 8.6687656167e-01
8.3500000000e+00 9.9767401041e-01 6.8165746156e-02 8.6669581873e-01
8.3600000000e+00 9.9822727373e-01 5.9517308167e-02 8.6653654133e-01
8.3700000000e+00 9.9870549306e-01 5.0865883673e-02 8.6639877337e-01
8.3800000000e+00 9.9910868013e-01 4.2211909220e-02 8.6628255280e-01
8.3900000000e+00 9.9943684488e-01 3.3555820340e-02 8.6618791162e-01
8.4000000000e+00 9.9968999545e-01 2.4898051725e-02 8.6611487587e-01
8.4100000000e+00 9.9986813813e-01 1.6239037393e-02 8.6606346566e-01
8.4200000000e+00 9.9997127736e-01 7.5792108688e-03 8.6603369511e-01
8.4300000000e+00 9.9999941572e-01 -1.0809946506e-03 8.6602557243e-01
8.4400000000e+00 9.9995255391e-01 -9.7411461184e-03 8.6603909984e-01
8.4500000000e+00 9.9983069075e-01 -1.8400810466e-02 8.6607427362e-01
8.4600000000e+00 9.9963382321e-01 -2.7059554432e-02 8.6613108409e-01
8.4700000000e+00 9.9936194638e-01 -3.5716944384e-02 8.6620951564e-01
8.4800000000e+00 9.9901505351e-01 -4.4372546151e-02 8.6630954668e-01
8.4900000000e+00 9.9859313601e-01 -5.3025924848e-02 8.6643114968e-01
8.5000000000e+00 9.9809618349e-01 -6.1676644707e-02 8.6657429115e-01
8.5100000000e+00 9.9752418376e-01 -7.0324268900e-02 8.6673893166e-01
8.5200000000e+00 9.9687712292e-01 -7.8968359374e-02 8.6692502583e-01
8.5300000000e+00 9.9615498533e-01 -8.7608476676e-02 8.6713252232e-01
8.5400000000e+00 9.9535775370e-01 -9.6244179790e-02 8.6736136385e-01
8.5500000000e+00 9.9448540910e-01 -1.0487502596e-01 8.6761148720e-01
8.5600000000e+00 9.9353793107e-01 -1.1350057053e-01 8.6788282322e-01
8.5700000000e+00 9.9251529762e-01 -1.2212036678e-01 8.6817529679e-01
8.5800000000e+00 9.9141748532e-01 -1.3073396575e-01 8.6848882688e-01
8.5900000000e+00 9.9024446936e-01 -1.3934091609e-01 8.6882332651e-01
8.6000000000e+00 9.8899622364e-01 -1.4794076389e-01 8.6917870278e-01
8.6100000000e+00 9.8767272083e-01 -1.5653305251e-01 8.6955485686e-01
8.6200000000e+00 9.8627393244e-01 -1.6511732245e-01 8.6995168401e-01
8.6300000000e+00 9.8479982896e-01 -1.7369311117e-01 8.7036907354e-01
8.6400000000e+00 9.8325037988e-01 -1.8225995295e-01 8.7080690889e-01
8.6500000000e+00 9.8162555385e-01 -1.9081737873e-01 8.7126506757e-01
8.6600000000e+00 9.7992531873e-01 -1.9936491593e-01 8.7174342119e-01
8.6700000000e+00 9.7814964174e-01 -2.0790208837e-01 8.7224183547e-01
8.6800000000e+00 9.7629848956e-01 -2.1642841607e-01 8.7276017025e-01
8.6900000000e+00 9.7437182840e-01 -2.2494341512e-01 8.7329827949e-01
8.7000000000e+00 9.7236962421e-01 -2.3344659754e-01 8.7385601127e-01
8.7100000000e+00 9.7029184271e-01 -2.4193747117e-01 8.7443320783e-01
8.7200000000e+00 9.6813844959e-01 -2.5041553947e-01 8.7502970553e-01
8.7300000000e+00 9.6590941061e-01 -2.5888030146e-01 8.7564533493e-01
8.7400000000e+00 9.6360469174e-01 -2.6733125155e-01 8.7627992073e-01
8.7500000000e+00 9.6122425930e-01 -2.7576787941e-01 8.7693328184e-01
8.7600000000e+00 9.5876808015e-01 -2.8418966989e-01 8.7760523134e-01
8.7700000000e+00 9.5623612177e-01 -2.9259610285e-01 8.7829557657e-01
8.7800000000e+00 9.5362835248e-01 -3.0098665308e-01 8.7900411904e-01
8.7900000000e+00 9.5094474156e-01 -3.0936079017e-01 8.7973065457e-01
8.8000000000e+00 9.4818525942e-01 -3.1771797842e-01 8.8047497319e-01
8.8100000000e+00 9.4534987780e-01 -3.2605767671e-01 8.8123685925e-01
8.8200000000e+00 9.4243856989e-01 -3.3437933843e-01 8.8201609138e-01
8.8300000000e+00 9.3945131057e-01 -3.4268241137e-01 8.8281244256e-01
8.8400000000e+00 9.3638807652e-01 -3.5096633763e-01 8.8362568008e-01
8.8500000000e+00 9.3324884645e-01 -3.5923055352e-01 8.8445556565e-01
8.8600000000e+00 9.3003360130e-01 -3.6747448952e-01 8.8530185535e-01
8.8700000000e+00 9.2674232436e-01 -3.7569757016e-01 8.8616429968e-01
8.8800000000e+00 9.2337500157e-01 -3.8389921395e-01 8.8704264361e-01
8.8900000000e+00 9.1993162161e-01 -3.9207883334e-01 8.8793662660e-01
8.9000000000e+00 9.1641217619e-01 -4.0023583463e-01 8.8884598261e-01
8.9100000000e+00 9.1281666019e-01 -4.0836961796e-01 8.8977044016e-01
8.9200000000e+00 9.0914507191e-01 -4.1647957717e-01 8.9070972237e-01
8.9300000000e+00 9.0539741328e-01 -4.2456509985e-01 8.9166354696e-01
8.9400000000e+00 9.0157369003e-01 -4.3262556724e-01 8.9263162633e-01
8.9500000000e+00 8.9767391197e-01 -4.4066035420e-01 8.9361366759e-01
8.9600000000e+00 8.9369809315e-01 -4.4866882919e-01 8.9460937260e-01
8.9700000000e+00 8.8964625213e-01 -4.5665035428e-01 8.9561843800e-01
8.9800000000e+00 8.8551841217e-01 -4.6460428505e-01 8.9664055529e-01
8.9900000000e+00 8.8131460150e-01 -4.7252997067e-01 8.9767541086e-01
9.0000000000e+00 8.7703485347e-01 -4.8042675381e-01 8.9872268605e-01
9.0100000000e+00 8.7267920689e-01 -4.8829397072e-01 8.9978205718e-01
9.0200000000e+00 8.6824770617e-01 -4.9613095117e-01 9.0085319567e-01
9.0300000000e+00 8.6374040160e-01 -5.0393701851e-01 9.0193576802e-01
9.0400000000e+00 8.5915734958e-01 -5.1171148966e-01 9.0302943592e-01
9.0500000000e+00 8.5449861284e-01 -5.1945367516e-01 9.0413385631e-01
9.0600000000e+00 8.4976426072e-01 -5.2716287919e-01 9.0524868145e-01
9.0700000000e+00 8.4495436936e-01 -5.3483839960e-01 9.0637355897e-01
9.0800000000e+00 8.4006902199e-01 -5.4247952799e-01 9.0750813194e-01
9.0900000000e+00 8.3510830912e-01 -5.5008554974e-01 9.0865203900e-01
9.1000000000e+00 8.3007232883e-01 -5.5765574407e-01 9.0980491436e-01
9.1100000000e+00 8.2496118700e-01 -5.6518938413e-01 9.1096638794e-01
9.1200000000e+00 8.1977499753e-01 -5.7268573704e-01 9.1213608542e-01
9.1300000000e+00 8.1451388261e-01 -5.8014406403e-01 9.1331362835e-01
9.1400000000e+00 8.0917797295e-01 -5.8756362046e-01 9.1449863422e-01
9.1500000000e+00 8.0376740802e-01 -5.9494365598e-01 9.1569071658e-01
9.1600000000e+00 7.9828233631e-01 -6.0228341461e-01 9.1688948508e-01
9.1700000000e+00 7.9272291557e-01 -6.0958213485e-01 9.1809454565e-01
9.1800000000e+00 7.8708931300e-01 -6.1683904979e-01 9.1930550053e-01
9.1900000000e+00 7.8138170557e-01 -6.2405338729e-01 9.2052194842e-01
9.2000000000e+00 7.7560028019e-01 -6.3122437006e-01 9.2174348455e-01
9.2100000000e+00 7.6974523399e-01 -6.3835121582e-01 9.2296970083e-01
9.2200000000e+00 7.6381677453e-01 -6.4543313747e-01 9.2420018595e-01
9.2300000000e+00 7.5781512002e-01 -6.5246934323e-01 9.2543452547e-01
9.2400000000e+00 7.5174049960e-01 -6.5945903683e-01 9.2667230200e-01
9.2500000000e+00 7.4559315351e-01 -6.6640141764e-01 9.2791309525e-01
9.2600000000e+00 7.3937333334e-01 -6.7329568092e-01 9.2915648223e-01
9.2700000000e+00 7.3308130225e-01 -6.8014101794e-01 9.3040203732e-01
9.2800000000e+00 7.2671733520e-01 -6.8693661623e-01 9.3164933245e-01
9.2900000000e+00 7.2028171912e-01 -6.9368165976e-01 9.3289793721e-01
9.3000000000e+00 7.1377475318e-01 -7.0037532917e-01 9.3414741899e-01
9.3100000000e+00 7.0719674895e-01 -7.0701680197e-01 9.3539734314e-01
9.3200000000e+00 7.0054803060e-01 -7.1360525279e-01 9.3664727309e-01
9.3300000000e+00 6.9382893515e-01 -7.2013985359e-01 9.3789677053e-01
9.3400000000e+00 6.8703981260e-01 -7.2661977395e-01 9.3914539553e-01
9.3500000000e+00 6.8018102614e-01 -7.3304418125e-01 9.4039270674e-01
9.3600000000e+00 6.7325295233e-01 -7.3941224101e-01 9.4163826150e-01
9.3700000000e+00 6.6625598131e-01 -7.4572311709e-01 9.4288161602e-01
9.3800000000e+00 6.5919051690e-01 -7.5197597197e-01 9.4412232554e-01
9.3900000000e+00 6.5205697681e-01 -7.5816996708e-01 9.4535994453e-01
9.4000000000e+00 6.4485579281e-01 -7.6430426302e-01 9.4659402681e-01
9.4100000000e+00 6.3758741084e-01 -7.7037801989e-01 9.4782412576e-01
9.4200000000e+00 6.3025229118e-01 -7.7639039758e-01 9.4904979445e-01
9.4300000000e+00 6.2285090857e-01 -7.8234055608e-01 9.5027058589e-01
9.4400000000e+00 6.1538375237e-01 -7.8822765576e-01 9.5148605314e-01
9.4500000000e+00 6.0785132663e-01 -7.9405085775e-01 9.5269574952e-01
9.4600000000e+00 6.0025415028e-01 -7.9980932419e-01 9.5389922882e-01
9.4700000000e+00 5.9259275713e-01 -8.0550221861e-01 9.5509604545e-01
9.4800000000e+00 5.8486769608e-01 -8.1112870623e-01 9.5628575463e-01
9.4900000000e+00 5.7707953112e-01 -8.1668795433e-01 9.5746791261e-01
9.5000000000e+00 5.6922884147e-01 -8.2217913256e-01 9.5864207684e-01
9.5100000000e+00 5.6131622162e-01 -8.2760141333e-01 9.5980780619e-01
9.5200000000e+00 5.5334228137e-01 -8.3295397210e-01 9.6096466111e-01
9.5300000000e+00 5.4530764596e-01 -8.3823598780e-01 9.6211220385e-01
9.5400000000e+00 5.3721295603e-01 -8.4344664316e-01 9.6324999868e-01
9.5500000000e+00 5.2905886769e-01 -8.4858512508e-01 9.6437761205e-01
9.5600000000e+00 5.2084605255e-01 -8.5365062498e-01 9.6549461281e-01
9.5700000000e+00 5.1257519772e-01 -8.5864233920e-01 9.6660057245e-01
9.5800000000e+00 5.0424700581e-01 -8.6355946936e-01 9.6769506523e-01
9.5900000000e+00 4.9586219493e-01 -8.6840122272e-01 9.6877766845e-01
9.6000000000e+00 4.8742149868e-01 -8.7316681259e-01 9.6984796264e-01
9.6100000000e+00 4.7892566610e-01 -8.7785545868e-01 9.7090553175e-01
9.6200000000e+00 4.7037546165e-01 -8.8246638750e-01 9.7194996335e-01
9.6300000000e+00 4.6177166514e-01 -8.8699883273e-01 9.7298084889e-01
9.6400000000e+00 4.5311507169e-01 -8.9145203561e-01 9.7399778385e-01
9.6500000000e+00 4.4440649164e-01 -8.9582524533e-01 9.7500036797e-01
9.6600000000e+00 4.3564675049e-01 -9.0011771940e-01 9.7598820545e-01
9.6700000000e+00 4.2683668877e-01 -9.0432872403e-01 9.7696090519e-01
9.6800000000e+00 4.1797716195e-01 -9.0845753455e-01 9.7791808093e-01
9.6900000000e+00 4.0906904035e-01 -9.1250343573e-01 9.7885935151e-01
9.7000000000e+00 4.0011320896e-01 -9.1646572222e-01 9.7978434106e-01
9.7100000000e+00 3.9111056734e-01 -9.2034369890e-01 9.8069267919e-01
9.7200000000e+00 3.8206202945e-01 -9.2413668126e-01 9.8158400120e-01
9.7300000000e+00 3.7296852348e-01 -9.2784399577e-01 9.8245794827e-01
9.7400000000e+00 3.6383099170e-01 -9.3146498027e-01 9.8331416768e-01
9.7500000000e+00 3.5465039025e-01 -9.3499898432e-01 9.8415231299e-01
9.7600000000e+00 3.4542768897e-01 -9.3844536958e-01 9.8497204423e-01
9.7700000000e+00 3.3616387116e-01 -9.4180351014e-01 9.8577302810e-01
9.7800000000e+00 3.2685993339e-01 -9.4507279293e-01 9.8655493815e-01
9.7900000000e+00 3.1751688523e-01 -9.4825261802e-01 9.8731745497e-01
9.8000000000e+00 3.0813574906e-01 -9.5134239900e-01 9.8806026640e-01
9.8100000000e+00 2.9871755978e-01 -9.5434156332e-01 9.8878306765e-01
9.8200000000e+00 2.8926336456e-01 -9.5724955258e-01 9.8948556153e-01
9.8300000000e+00 2.7977422259e-01 -9.6006582293e-01 9.9016745861e-01
9.8400000000e+00 2.7025120473e-01 -9.6278984536e-01 9.9082847738e-01
9.8500000000e+00 2.6069539330e-01 -9.6542110600e-01 9.9146834441e-01
9.8600000000e+00 2.5110788171e-01 -9.6795910643e-01 9.9208679456e-01
9.8700000000e+00 2.4148977420e-01 -9.7040336404e-01 9.9268357105e-01
9.8800000000e+00 2.3184218546e-01 -9.7275341224e-01 9.9325842572e-01
9.8900000000e+00 2.2216624035e-01 -9.7500880080e-01 9.9381111908e-01
9.9000000000e+00 2.1246307354e-01 -9.7716909610e-01 9.9434142054e-01
9.9100000000e+00 2.0273382913e-01 -9.7923388142e-01 9.9484910847e-01
9.9200000000e+00 1.9297966035e-01 -9.8120275717e-01 9.9533397042e-01
9.9300000000e+00 1.8320172914e-01 -9.8307534118e-01 9.9579580317e-01
9.9400000000e+00 1.7340120583e-01 -9.8485126888e-01 9.9623441290e-01
9.9500000000e+00 1.6357926869e-01 -9.8653019358e-01 9.9664961532e-01
9.9600000000e+00 1.5373710359e-01 -9.8811178668e-01 9.9704123573e-01
9.9700000000e+00 1.4387590360e-01 -9.8959573784e-01 9.9740910919e-01
9.9800000000e+00 1.3399686856e-01 -9.9098175523e-01 9.9775308058e-01
9.9900000000e+00 1.2410120472e-01 -9.9226956568e-01 9.9807300472e-01
1.0000000000e+01 1.1419012424e-01 -9.9345891486e-01 9.9836874645e-01
1.0010000000e+01 1.0426484488e-01 -9.9454956745e-01 9.9864018071e-01
1.0020000000e+01 9.4326589477e-02 -9.9554130728e-01 9.9888719264e-01
1.0030000000e+01 8.4376585568e-02 -9.9643393750e-01 9.9910967764e-01
1.0040000000e+01 7.4416064938e-02 -9.9722728065e-01 9.9930754141e-01
1.0050000000e+01 6.4446263186e-02 -9.9792117883e-01 9.9948070006e-01
1.0060000000e+01 5.4468419278e-02 -9.9851549377e-01 9.9962908012e-01
1.0070000000e+01 4.4483775104e-02 -9.9901010693e-01 9.9975261862e-01
1.0080000000e+01 3.4493575027e-02 -9.9940491958e-01 9.9985126310e-01
1.0090000000e+01 2.4499065437e-02 -9.9969985285e-01 9.9992497166e-01
1.0100000000e+01 1.4501494292e-02 -9.9989484780e-01 9.9997371299e-01
1.0110000000e+01 4.5021106677e-03 -9.9998986544e-01 9.9999746637e-01
1.0120000000e+01 -5.4978356988e-03 -9.9998488678e-01 9.9999622172e-01
1.0130000000e+01 -1.5497094865e-02 -9.9987991281e-01 9.9996997955e-01
1.0140000000e+01 -2.5494417139e-02 -9.9967496452e-01 9.9991875104e-01
1.0150000000e+01 -3.5488553537e-02 -9.9937008288e-01 9.9984255793e-01
1.0160000000e+01 -4.5478256235e-02 -9.9896532883e-01 9.9974143260e-01
1.0170000000e+01 -5.5462279026e-02 -9.9846078320e-01 9.9961541800e-01
1.0180000000e+01 -6.5439377773e-02 -9.9785654672e-01 9.9946456763e-01
1.0190000000e+01 -7.5408310856e-02 -9.9715273988e-01 9.9928894553e-01
1.0200000000e+01 -8.5367839625e-02 -9.9634950291e-01 9.9908862619e-01
1.0210000000e+01 -9.5316728842e-02 -9.9544699567e-01 9.9886369455e-01
1.0220000000e+01 -1.0525374713e-01 -9.9444539755e-01 9.9861424593e-01
1.0230000000e+01 -1.1517766739e-01 -9.9334490733e-01 9.9834038596e-01
1.0240000000e+01 -1.2508726726e-01 -9.9214574310e-01 9.9804223051e-01
1.0250000000e+01 -1.3498132956e-01 -9.9084814208e-01 9.9771990567e-01
1.0260000000e+01 -1.4485864266e-01 -9.8945236047e-01 9.9737354758e-01
1.0270000000e+01 -1.5471800095e-01 -9.8795867331e-01 9.9700330242e-01
1.0280000000e+01 -1.6455820524e-01 -9.8636737430e-01 9.9660932630e-01
1.0290000000e+01 -1.7437806316e-01 -9.8467877558e-01 9.9619178513e-01
1.0300000000e+01 -1.8417638958e-01 -9.8289320758e-01 9.9575085457e-01
1.0310000000e+01 -1.9395200699e-01 -9.8101101878e-01 9.9528671987e-01
1.0320000000e+01 -2.0370374590e-01 -9.7903257550e-01 9.9479957578e-01
1.0330000000e+01 -2.1343044521e-01 -9.7695826167e-01 9.9428962645e-01
1.0340000000e+01 -2.2313095259e-01 -9.7478847859e-01 9.9375708526e-01
1.0350000000e+01 -2.3280412485e-01 -9.7252364467e-01 9.9320217472e-01
1.0360000000e+01 -2.4244882828e-01 -9.7016419520e-01 9.9262512633e-01
1.0370000000e+01 -2.5206393904e-01 -9.6771058206e-01 9.9202618043e-01
1.0380000000e+01 -2.6164834343e-01 -9.6516327342e-01 9.9140558607e-01
1.0390000000e+01 -2.7120093831e-01 -9.6252275352e-01 9.9076360085e-01
1.0400000000e+01 -2.8072063134e-01 -9.5978952231e-01 9.9010049075e-01
1.0410000000e+01 -2.9020634135e-01 -9.5696409516e-01 9.8941653001e-01
1.0420000000e+01 -2.9965699859e-01 -9.5404700261e-01 9.8871200094e-01
1.0430000000e+01 -3.0907154508e-01 -9.5103878996e-01 9.8798719374e-01
1.0440000000e+01 -3.1844893487e-01 -9.4794001702e-01 9.8724240638e-01
1.0450000000e+01 -3.2778813427e-01 -9.4475125775e-01 9.8647794438e-01
1.0460000000e+01 -3.3708812219e-01 -9.4147309992e-01 9.8569412064e-01
1.0470000000e+01 -3.4634789032e-01 -9.3810614477e-01 9.8489125527e-01
1.0480000000e+01 -3.5556644341e-01 -9.3465100669e-01 9.8406967542e-01
1.0490000000e+01 -3.6474279948e-01 -9.3110831283e-01 9.8322971505e-01
1.0500000000e+01 -3.7387599007e-01 -9.2747870274e-01 9.8237171478e-01
1.0510000000e+01 -3.8296506040e-01 -9.2376282806e-01 9.8149602170e-01
1.0520000000e+01 -3.9200906959e-01 -9.1996135209e-01 9.8060298915e-01
1.0530000000e+01 -4.0100709087e-01 -9.1607494948e-01 9.7969297653e-01
1.0540000000e+01 -4.0995821169e-01 -9.1210430580e-01 9.7876634911e-01
1.0550000000e+01 -4.1886153394e-01 -9.0805011721e-01 9.7782347785e-01
1.0560000000e+01 -4.2771617409e-01 -9.0391309008e-01 9.7686473915e-01
1.0570000000e+01 -4.3652126329e-01 -8.9969394056e-01 9.7589051469e-01
1.0580000000e+01 -4.4527594756e-01 -8.9539339428e-01 9.7490119121e-01
1.0590000000e+01 -4.5397938785e-01 -8.9101218589e-01 9.7389716030e-01
1.0600000000e+01 -4.6263076017e-01 -8.8655105873e-01 9.7287881821e-01
1.0610000000e+01 -4.7122925569e-01 -8.8201076443e-01 9.7184656563e-01
1.0620000000e+01 -4.7977408083e-01 -8.7739206251e-01 9.7080080749e-01
1.0630000000e+01 -4.8826445728e-01 -8.7269572002e-01 9.6974195275e-01
1.0640000000e+01 -4.9669962212e-01 -8.6792251116e-01 9.6867041419e-01
1.0650000000e+01 -5.0507882785e-01 -8.6307321685e-01 9.6758660822e-01
1.0660000000e+01 -5.1340134241e-01 -8.5814862442e-01 9.6649095463e-01
1.0670000000e+01 -5.2166644924e-01 -8.5314952718e-01 9.6538387646e-01
1.0680000000e+01 -5.2987344726e-01 -8.4807672405e-01 9.6426579969e-01
1.0690000000e+01 -5.3802165091e-01 -8.4293101921e-01 9.6313715315e-01
1.0700000000e+01 -5.4611039013e-01 -8.3771322168e-01 9.6199836821e-01
1.0710000000e+01 -5.5413901034e-01 -8.3242414502e-01 9.6084987864e-01
1.0720000000e+01 -5.6210687244e-01 -8.2706460687e-01 9.5969212041e-01
1.0730000000e+01 -5.7001335274e-01 -8.2163542869e-01 9.5852553143e-01
1.0740000000e+01 -5.7785784295e-01 -8.1613743532e-01 9.5735055143e-01
1.0750000000e+01 -5.8563975011e-01 -8.1057145464e-01 9.5616762168e-01
1.0760000000e+01 -5.9335849652e-01 -8.0493831726e-01 9.5497718488e-01
1.0770000000e+01 -6.0101351970e-01 -7.9923885612e-01 9.5377968487e-01
1.0780000000e+01 -6.0860427226e-01 -7.9347390617e-01 9.5257556652e-01
1.0790000000e+01 -6.1613022186e-01 -7.8764430405e-01 9.5136527549e-01
1.0800000000e+01 -6.2359085107e-01 -7.8175088772e-01 9.5014925806e-01
1.0810000000e+01 -6.3098565730e-01 -7.7579449616e-01 9.4892796094e-01
1.0820000000e+01 -6.3831415266e-01 -7.6977596903e-01 9.4770183107e-01
1.0830000000e+01 -6.4557586386e-01 -7.6369614638e-01 9.4647131546e-01
1.0840000000e+01 -6.5277033204e-01 -7.5755586830e-01 9.4523686099e-01
1.0850000000e+01 -6.5989711267e-01 -7.5135597467e-01 9.4399891427e-01
1.0860000000e+01 -6.6695577542e-01 -7.4509730480e-01 9.4275792141e-01
1.0870000000e+01 -6.7394590395e-01 -7.3878069719e-01 9.4151432789e-01
1.0880000000e+01 -6.8086709579e-01 -7.3240698922e-01 9.4026857836e-01
1.0890000000e+01 -6.8771896220e-01 -7.2597701687e-01 9.3902111650e-01
1.0900000000e+01 -6.9450112793e-01 -7.1949161447e-01 9.3777238486e-01
1.0910000000e+01 -7.0121323112e-01 -7.1295161441e-01 9.3652282466e-01
1.0920000000e+01 -7.0785492307e-01 -7.0635784690e-01 9.3527287566e-01
1.0930000000e+01 -7.1442586805e-01 -6.9971113971e-01 9.3402297602e-01
1.0940000000e+01 -7.2092574316e-01 -6.9301231795e-01 9.3277356212e-01
1.0950000000e+01 -7.2735423806e-01 -6.8626220380e-01 9.3152506841e-01
1.0960000000e+01 -7.3371105482e-01 -6.7946161629e-01 9.3027792728e-01
1.0970000000e+01 -7.3999590770e-01 -6.7261137113e-01 9.2903256892e-01
1.0980000000e+01 -7.4620852294e-01 -6.6571228040e-01 9.2778942118e-01
1.0990000000e+01 -7.5234863853e-01 -6.5876515245e-01 9.2654890939e-01
1.1000000000e+01 -7.5841600403e-01 -6.5177079163e-01 9.2531145631e-01
1.1010000000e+01 -7.6441038030e-01 -6.4472999812e-01 9.2407748192e-01
1.1020000000e+01 -7.7033153931e-01 -6.3764356778e-01 9.2284740334e-01
1.1030000000e+01 -7.7617926392e-01 -6.3051229191e-01 9.2162163469e-01
1.1040000000e+01 -7.8195334761e-01 -6.2333695715e-01 9.2040058698e-01
1.1050000000e+01 -7.8765359429e-01 -6.1611834528e-01 9.1918466797e-01
1.1060000000e+01 -7.9327981804e-01 -6.0885723308e-01 9.1797428207e-01
1.1070000000e+01 -7.9883184289e-01 -6.0155439219e-01 9.1676983026e-01
1.1080000000e+01 -8.0430950257e-01 -5.9421058898e-01 9.1557170991e-01
1.1090000000e+01 -8.0971264028e-01 -5.8682658440e-01 9.1438031476e-01
1.1100000000e+01 -8.1504110843e-01 -5.7940313388e-01 9.1319603474e-01
1.1110000000e+01 -8.2029476844e-01 -5.7194098721e-01 9.1201925593e-01
1.1120000000e+01 -8.2547349045e-01 -5.6444088844e-01 9.1085036044e-01
1.1130000000e+01 -8.3057715311e-01 -5.5690357577e-01 9.0968972631e-01
1.1140000000e+01 -8.3560564333e-01 -5.4932978148e-01 9.0853772744e-01
1.1150000000e+01 -8.4055885602e-01 -5.4172023180e-01 9.0739473349e-01
1.1160000000e+01 -8.4543669387e-01 -5.3407564693e-01 9.0626110980e-01
1.1170000000e+01 -8.5023906709e-01 -5.2639674085e-01 9.0513721731e-01
1.1180000000e+01 -8.5496589319e-01 -5.1868422135e-01 9.0402341250e-01
1.1190000000e+01 -8.5961709669e-01 -5.1093878995e-01 9.0292004726e-01
1.1200000000e+01 -8.6419260894e-01 -5.0316114183e-01 9.0182746888e-01
1.1210000000e+01 -8.6869236783e-01 -4.9535196583e-01 9.0074601997e-01
1.1220000000e+01 -8.7311631761e-01 -4.8751194438e-01 8.9967603833e-01
1.1230000000e+01 -8.7746440855e-01 -4.7964175351e-01 8.9861785699e-01
1.1240000000e+01 -8.8173659683e-01 -4.7174206277e-01 8.9757180405e-01
1.1250000000e+01 -8.8593284421e-01 -4.6381353531e-01 8.9653820267e-01
1.1260000000e+01 -8.9005311782e-01 -4.5585682779e-01 8.9551737104e-01
1.1270000000e+01 -8.9409738997e-01 -4.4787259041e-01 8.9450962224e-01
1.1280000000e+01 -8.9806563786e-01 -4.3986146693e-01 8.9351526427e-01
1.1290000000e+01 -9.0195784339e-01 -4.3182409466e-01 8.9253459997e-01
1.1300000000e+01 -9.0577399295e-01 -4.2376110450e-01 8.9156792696e-01
1.1310000000e+01 -9.0951407714e-01 -4.1567312094e-01 8.9061553761e-01
1.1320000000e+01 -9.1317809061e-01 -4.0756076211e-01 8.8967771899e-01
1.1330000000e+01 -9.1676603182e-01 -3.9942463981e-01 8.8875475284e-01
1.1340000000e+01 -9.2027790281e-01 -3.9126535954e-01 8.8784691550e-01
1.1350000000e+01 -9.2371370903e-01 -3.8308352058e-01 8.8695447792e-01
1.1360000000e+01 -9.2707345907e-01 -3.7487971600e-01 8.8607770558e-01
1.1370000000e+01 -9.3035716454e-01 -3.6665453275e-01 8.8521685849e-01
1.1380000000e+01 -9.3356483977e-01 -3.5840855169e-01 8.8437219113e-01
1.1390000000e+01 -9.3669650171e-01 -3.5014234772e-01 8.8354395243e-01
1.1400000000e+01 -9.3975216966e-01 -3.4185648978e-01 8.8273238576e-01
1.1410000000e+01 -9.4273186512e-01 -3.3355154096e-01 8.8193772886e-01
1.1420000000e+01 -9.4563561158e-01 -3.2522805860e-01 8.8116021386e-01
1.1430000000e+01 -9.4846343436e-01 -3.1688659435e-01 8.8040006723e-01
1.1440000000e+01 -9.5121536040e-01 -3.0852769427e-01 8.7965750977e-01
1.1450000000e+01 -9.5389141812e-01 -3.0015189893e-01 8.7893275657e-01
1.1460000000e+01 -9.5649163721e-01 -2.9175974350e-01 8.7822601701e-01
1.1470000000e+01 -9.5901604851e-01 -2.8335175787e-01 8.7753749472e-01
1.1480000000e+01 -9.6146468378e-01 -2.7492846674e-01 8.7686738759e-01
1.1490000000e+01 -9.6383757561e-01 -2.6649038974e-01 8.7621588774e-01
1.1500000000e+01 -9.6613475722e-01 -2.5803804155e-01 8.7558318148e-01
1.1510000000e+01 -9.6835626230e-01 -2.4957193200e-01 8.7496944934e-01
1.1520000000e+01 -9.7050212493e-01 -2.4109256624e-01 8.7437486603e-01
1.1530000000e+01 -9.7257237935e-01 -2.3260044479e-01 8.7379960042e-01
1.1540000000e+01 -9.7456705988e-01 -2.2409606374e-01 8.7324381556e-01
1.1550000000e+01 -9.7648620078e-01 -2.1557991484e-01 8.7270766863e-01
1.1560000000e+01 -9.7832983608e-01 -2.0705248566e-01 8.7219131096e-01
1.1570000000e+01 -9.8009799953e-01 -1.9851425970e-01 8.7169488801e-01
1.1580000000e+01 -9.8179072440e-01 -1.8996571657e-01 8.7121853936e-01
1.1590000000e+01 -9.8340804342e-01 -1.8140733208e-01 8.7076239870e-01
1.1600000000e+01 -9.8494998863e-01 -1.7283957845e-01 8.7032659383e-01
1.1610000000e+01 -9.8641659133e-01 -1.6426292439e-01 8.6991124665e-01
1.1620000000e+01 -9.8780788192e-01 -1.5567783531e-01 8.6951647314e-01
1.1630000000e+01 -9.8912388982e-01 -1.4708477344e-01 8.6914238339e-01
1.1640000000e+01 -9.9036464340e-01 -1.3848419799e-01 8.6878908156e-01
1.1650000000e+01 -9.9153016987e-01 -1.2987656532e-01 8.6845666588e-01
1.1660000000e+01 -9.9262049522e-01 -1.2126232906e-01 8.6814522868e-01
1.1670000000e+01 -9.9363564412e-01 -1.1264194034e-01 8.6785485632e-01
1.1680000000e+01 -9.9457563985e-01 -1.0401584788e-01 8.6758562927e-01
1.1690000000e+01 -9.9544050425e-01 -9.5384498180e-02 8.6733762203e-01
1.1700000000e+01 -9.9623025764e-01 -8.6748335709e-02 8.6711090317e-01
1.1710000000e+01 -9.9694491879e-01 -7.8107803038e-02 8.6690553533e-01
1.1720000000e+01 -9.9758450481e-01 -6.9463341021e-02 8.6672157519e-01
1.1730000000e+01 -9.9814903118e-01 -6.0815388964e-02 8.6655907349e-01
1.1740000000e+01 -9.9863851165e-01 -5.2164384790e-02 8.6641807502e-01
1.1750000000e+01 -9.9905295821e-01 -4.3510765212e-02 8.6629861863e-01
1.1760000000e+01 -9.9939238107e-01 -3.4854965906e-02 8.6620073720e-01
1.1770000000e+01 -9.9965678865e-01 -2.6197421676e-02 8.6612445768e-01
1.1780000000e+01 -9.9984618751e-01 -1.7538566632e-02 8.6606980105e-01
1.1790000000e+01 -9.9996058237e-01 -8.8788343615e-03 8.6603678235e-01
1.1800000000e+01 -9.9999997609e-01 -2.1865809911e-04 8.6602541066e-01
1.1810000000e+01 -9.9996436965e-01 8.4415290966e-03 8.6603568911e-01
1.1820000000e+01 -9.9985376217e-01 1.7101294172e-02 8.6606761487e-01
1.1830000000e+01 -9.9966815088e-01 2.5760203904e-02 8.6612117916e-01
1.1840000000e+01 -9.9940753115e-01 3.4417824728e-02 8.6619636724e-01
1.1850000000e+01 -9.9907189652e-01 4.3073722565e-02 8.6629315844e-01
1.1860000000e+01 -9.9866123866e-01 5.1727462648e-02 8.6641152610e-01
1.1870000000e+01 -9.9817554745e-01 6.0378609352e-02 8.6655143764e-01
1.1880000000e+01 -9.9761481098e-01 6.9026726019e-02 8.6671285452e-01
1.1890000000e+01 -9.9697901559e-01 7.7671374792e-02 8.6689573224e-01
1.1900000000e+01 -9.9626814590e-01 8.6312116438e-02 8.6710002037e-01
1.1910000000e+01 -9.9548218487e-01 9.4948510185e-02 8.6732566252e-01
1.1920000000e+01 -9.9462111382e-01 1.0358011355e-01 8.6757259635e-01
1.1930000000e+01 -9.9368491251e-01 1.1220648218e-01 8.6784075361e-01
1.1940000000e+01 -9.9267355916e-01 1.2082716966e-01 8.6813006007e-01
1.1950000000e+01 -9.9158703057e-01 1.2944172739e-01 8.6844043559e-01
1.1960000000e+01 -9.9042530214e-01 1.3804970437e-01 8.6877179408e-01
1.1970000000e+01 -9.8918834794e-01 1.4665064711e-01 8.6912404353e-01
1.1980000000e+01 -9.8787614082e-01 1.5524409937e-01 8.6949708600e-01
1.1990000000e+01 -9.8648865247e-01 1.6382960211e-01 8.6989081763e-01
1.2000000000e+01 -9.8502585353e-01 1.7240669324e-01 8.7030512864e-01
1.2010000000e+01 -9.8348771362e-01 1.8097490753e-01 8.7073990333e-01
1.2020000000e+01 -9.8187420151e-01 1.8953377642e-01 8.7119502011e-01
1.2030000000e+01 -9.8018528518e-01 1.9808282789e-01 8.7167035147e-01
1.2040000000e+01 -9.7842093194e-01 2.0662158630e-01 8.7216576403e-01
1.2050000000e+01 -9.7658110854e-01 2.1514957224e-01 8.7268111849e-01
1.2060000000e+01 -9.7466578126e-01 2.2366630241e-01 8.7321626970e-01
1.2070000000e+01 -9.7267491606e-01 2.3217128945e-01 8.7377106663e-01
1.2080000000e+01 -9.7060847872e-01 2.4066404183e-01 8.7434535238e-01
1.2090000000e+01 -9.6846643490e-01 2.4914406368e-01 8.7493896420e-01
1.2100000000e+01 -9.6624875034e-01 2.5761085469e-01 8.7555173352e-01
1.2110000000e+01 -9.6395539098e-01 2.6606390997e-01 8.7618348593e-01
1.2120000000e+01 -9.6158632308e-01 2.7450271992e-01 8.7683404118e-01
1.2130000000e+01 -9.5914151341e-01 2.8292677011e-01 8.7750321326e-01
1.2140000000e+01 -9.5662092934e-01 2.9133554116e-01 8.7819081033e-01
1.2150000000e+01 -9.5402453905e-01 2.9972850862e-01 8.7889663481e-01
1.2160000000e+01 -9.5135231167e-01 3.0810514288e-01 8.7962048335e-01
1.2170000000e+01 -9.4860421744e-01 3.1646490904e-01 8.8036214686e-01
1.2180000000e+01 -9.4578022787e-01 3.2480726678e-01 8.8112141054e-01
1.2190000000e+01 -9.4288031594e-01 3.3313167035e-01 8.8189805387e-01
1.2200000000e+01 -9.3990445626e-01 3.4143756837e-01 8.8269185067e-01
1.2210000000e+01 -9.3685262522e-01 3.4972440379e-01 8.8350256911e-01
1.2220000000e+01 -9.3372480122e-01 3.5799161382e-01 8.8432997171e-01
1.2230000000e+01 -9.3052096485e-01 3.6623862980e-01 8.8517381539e-01
1.2240000000e+01 -9.2724109905e-01 3.7446487716e-01 8.8603385151e-01
1.2250000000e+01 -9.2388518932e-01 3.8266977532e-01 8.8690982586e-01
1.2260000000e+01 -9.2045322394e-01 3.9085273764e-01 8.8780147871e-01
1.2270000000e+01 -9.1694519414e-01 3.9901317137e-01 8.8870854485e-01
1.2280000000e+01 -9.1336109433e-01 4.0715047754e-01 8.8963075363e-01
1.2290000000e+01 -9.0970092226e-01 4.1526405096e-01 8.9056782896e-01
1.2300000000e+01 -9.0596467931e-01 4.2335328016e-01 8.9151948937e-01
1.2310000000e+01 -9.0215237063e-01 4.3141754733e-01 8.9248544806e-01
1.2320000000e+01 -8.9826400540e-01 4.3945622830e-01 8.9346541294e-01
1.2330000000e+01 -8.9429959702e-01 4.4746869248e-01 8.9445908663e-01
1.2340000000e+01 -8.9025916336e-01 4.5545430291e-01 8.9546616657e-01
1.2350000000e+01 -8.8614272697e-01 4.6341241614e-01 8.9648634503e-01
1.2360000000e+01 -8.8195031529e-01 4.7134238229e-01 8.9751930915e-01
1.2370000000e+01 -8.7768196092e-01 4.7924354503e-01 8.9856474104e-01
1.2380000000e+01 -8.7333770182e-01 4.8711524156e-01 8.9962231776e-01
1.2390000000e+01 -8.6891758155e-01 4.9495680263e-01 9.0069171146e-01
1.2400000000e+01 -8.6442164949e-01 5.0276755253e-01 9.0177258937e-01
1.2410000000e+01 -8.5984996112e-01 5.1054680917e-01 9.0286461391e-01
1.2420000000e+01 -8.5520257820e-01 5.1829388403e-01 9.0396744274e-01
1.2430000000e+01 -8.5047956907e-01 5.2600808224e-01 9.0508072878e-01
1.2440000000e+01 -8.4568100883e-01 5.3368870261e-01 9.0620412038e-01
1.2450000000e+01 -8.4080697962e-01 5.4133503767e-01 9.0733726129e-01
1.2460000000e+01 -8.3585757086e-01 5.4894637373e-01 9.0847979079e-01
1.2470000000e+01 -8.3083287947e-01 5.5652199092e-01 9.0963134377e-01
1.2480000000e+01 -8.2573301014e-01 5.6406116330e-01 9.1079155077e-01
1.2490000000e+01 -8.2055807556e-01 5.7156315891e-01 9.1196003812e-01
1.2500000000e+01 -8.1530819665e-01 5.7902723983e-01 9.1313642797e-01
1.2510000000e+01 -8.0998350282e-01 5.8645266232e-01 9.1432033842e-01
1.2520000000e+01 -8.0458413224e-01 5.9383867686e-01 9.1551138360e-01
1.2530000000e+01 -7.9911023201e-01 6.0118452831e-01 9.1670917375e-01
1.2540000000e+01 -7.9356195847e-01 6.0848945600e-01 9.1791331535e-01
1.2550000000e+01 -7.8793947739e-01 6.1575269382e-01 9.1912341117e-01
1.2560000000e+01 -7.8224296427e-01 6.2297347041e-01 9.2033906045e-01
1.2570000000e+01 -7.7647260451e-01 6.3015100923e-01 9.2155985893e-01
1.2580000000e+01 -7.7062859368e-01 6.3728452875e-01 9.2278539901e-01
1.2590000000e+01 -7.6471113776e-01 6.4437324259e-01 9.2401526985e-01
1.2600000000e+01 -7.5872045337e-01 6.5141635966e-01 9.2524905749e-01
1.2610000000e+01 -7.5265676796e-01 6.5841308434e-01 9.2648634495e-01
1.2620000000e+01 -7.4652032012e-01 6.6536261665e-01 9.2772671239e-01
1.2630000000e+01 -7.4031135971e-01 6.7226415245e-01 9.2896973721e-01
1.2640000000e+01 -7.3403014814e-01 6.7911688361e-01 9.3021499417e-01
1.2650000000e+01 -7.2767695858e-01 6.8591999820e-01 9.3146205557e-01
1.2660000000e+01 -7.2125207617e-01 6.9267268071e-01 9.3271049133e-01
1.2670000000e+01 -7.1475579821e-01 6.9937411227e-01 9.3395986916e-01
1.2680000000e+01 -7.0818843440e-01 7.0602347083e-01 9.3520975472e-01
1.2690000000e+01 -7.0155030702e-01 7.1261993146e-01 9.3645971171e-01
1.2700000000e+01 -6.9484175113e-01 7.1916266649e-01 9.3770930208e-01
1.2710000000e+01 -6.8806311477e-01 7.2565084584e-01 9.3895808612e-01
1.2720000000e+01 -6.8121475915e-01 7.3208363723e-01 9.4020562270e-01
1.2730000000e+01 -6.7429705882e-01 7.3846020641e-01 9.4145146932e-01
1.2740000000e+01 -6.6731040186e-01 7.4477971747e-01 9.4269518237e-01
1.2750000000e+01 -6.6025519001e-01 7.5104133311e-01 9.4393631723e-01
1.2760000000e+01 -6.5313183892e-01 7.5724421488e-01 9.4517442847e-01
1.2770000000e+01 -6.4594077822e-01 7.6338752349e-01 9.4640906998e-01
1.2780000000e+01 -6.3868245171e-01 7.6947041909e-01 9.4763979520e-01
1.2790000000e+01 -6.3135731752e-01 7.7549206160e-01 9.4886615725e-01
1.2800000000e+01 -6.2396584821e-01 7.8145161095e-01 9.5008770913e-01
1.2810000000e+01 -6.1650853093e-01 7.8734822746e-01 9.5130400388e-01
1.2820000000e+01 -6.0898586753e-01 7.9318107210e-01 9.5251459478e-01
1.2830000000e+01 -6.0139837468e-01 7.9894930685e-01 9.5371903552e-01
1.2840000000e+01 -5.9374658398e-01 8.0465209501e-01 9.5491688041e-01
1.2850000000e+01 -5.8603104204e-01 8.1028860152e-01 9.5610768453e-01
1.2860000000e+01 -5.7825231058e-01 8.1585799334e-01 9.5729100398e-01
1.2870000000e+01 -5.7041096653e-01 8.2135943974e-01 9.5846639602e-01
1.2880000000e+01 -5.6250760209e-01 8.2679211267e-01 9.5963341927e-01
1.2890000000e+01 -5.5454282476e-01 8.3215518715e-01 9.6079163395e-01
1.2900000000e+01 -5.4651725745e-01 8.3744784154e-01 9.6194060202e-01
1.2910000000e+01 -5.3843153850e-01 8.4266925798e-01 9.6307988743e-01
1.2920000000e+01 -5.3028632168e-01 8.4781862271e-01 9.6420905630e-01
1.2930000000e+01 -5.2208227629e-01 8.5289512648e-01 9.6532767710e-01
1.2940000000e+01 -5.1382008710e-01 8.5789796484e-01 9.6643532091e-01
1.2950000000e+01 -5.0550045441e-01 8.6282633860e-01 9.6753156157e-01
1.2960000000e+01 -4.9712409399e-01 8.6767945415e-01 9.6861597591e-01
1.2970000000e+01 -4.8869173712e-01 8.7245652388e-01 9.6968814394e-01
1.2980000000e+01 -4.8020413052e-01 8.7715676650e-01 9.7074764911e-01
1.2990000000e+01 -4.7166203635e-01 8.8177940748e-01 9.7179407842e-01
1.3000000000e+01 -4.6306623212e-01 8.8632367939e-01 9.7282702273e-01
