19980101
19980102
19980103
19980104
19980105
19980106
19980107
19980108
19980109
19990119
19990120
19990121
19990122
19990123
19990124
19990125
19990126
19990127
19990128
19990129
19990130
19990131
19990201
19990202
19990203
19990204
19990205
19990206
19990207
19990208
19990209
19990210
19990211
19990212
19990213
19990214
19990215
19990216
19990217
19990218
19990219
19990220
19990221
19990222
19990223
19990224
19990225
19990226
19990308
19990309
19990310
19990311
19990312
19990313
19990314
19990315
19990316
19990317
19990318
19990319
19990320
19990321
19990322
19991127
19991128
19991212
19991213
19991214
19991215
19991216
19991217
19991218
19991219
19991220
19991221
20001108
20001109
20001110
20001111
20001112
20001113
20001114
20001115
20001116
20001117
20001118
20001119
20001120
20001121
20001122
20001123
20001124
20001125
20001126
20001127
20001128
20001129
20001130
20001201
20001202
20001203
20001204
20001205
20001206
20001207
20001208
20001209
20001210
20001211
20001212
20001213
20001214
20001215
20001216
20001217
20001218
20001219
20001220
20010126
20010127
20010128
20010129
20010130
20010131
20010201
20010202
20010203
20010204
20010205
20010206
20010207
20010208
20010209
20010210
20010211
20010212
20010213
20010214
20010215
20010216
20010217
20010218
20010219
20010220
20010221
20010222
20010223
20010224
20010225
20010226
20010227
20010228
20010301
20010302
20010303
20010304
20010305
20010306
20010307
20010308
20010309
20010310
20011210
20011211
20011212
20011213
20011214
20011215
20011216
20011217
20011218
20011219
20011220
20011221
20011222
20011223
20011224
20020116
20020117
20020118
20020119
20020120
20020121
20020122
20020123
20020124
20020125
20020126
20020127
20020128
20020129
20020130
20020131
20020201
20020202
20020203
20020204
20020205
20020206
20020207
20020208
20020209
20020210
20020502
20020503
20020504
20020505
20020506
20020507
20020508
20020509
20020510
20020511
20020512
20020522
20020523
20020524
20020525
20020526
20020527
20020528
20020529
20020530
20020531
20020613
20020614
20020615
20021111
20021112
20021113
20021114
20021115
20021116
20021117
20021118
20021119
20021120
20021121
20021122
20021123
20021124
20021125
20021126
20021127
20021128
20021129
20021130
20021201
20021202
20021203
20021204
20021205
20021206
20021207
20021208
20021209
20021210
20021211
20021212
20021213
20021214
20021215
20021216
20021217
20021218
20021219
20021220
20021221
20021222
20021223
20021224
20021225
20021226
20021227
20021228
20021229
20021230
20021231
20030101
20030102
20030103
20030104
20030105
20030106
20030107
20030108
20030109
20030110
20030111
20030112
20030113
20030114
20030115
20030116
20030117
20030118
20030119
20030120
20030121
20030122
20030123
20030124
20030227
20030228
20030301
20030302
20030303
20030304
20030305
20030306
20030307
20030308
20030309
20030310
20030311
20030312
20030313
20030314
20030315
20030318
20030319
20030320
20030321
20030429
20030430
20030501
20030502
20030503
20030504
20030505
20030506
20030507
20030508
20030509
20030510
20030511
20030512
20030513
20030514
20030515
20030516
20030517
20030518
20030519
20030520
20030521
20030522
20030523
20030524
20030525
20030526
20030527
20030528
20030529
20030530
20030531
20030601
20030602
20030603
20030604
20030605
20030606
20030607
20030608
20031208
20031209
20031210
20031211
20031212
20031213
20031214
20031215
20031216
20031217
20031218
20031219
20031220
20031221
20031222
20031223
20031224
20031225
20031226
20031227
20031228
20031229
20031230
20031231
20040101
20040102
20040103
20040104
20040105
20040106
20040107
20040108
20040109
20040110
20040111
20040112
20040113
20040114
20040115
20040116
20040117
20040118
20040119
20040120
20040121
20040122
20040123
20040124
20040125
20040126
20040127
20040128
20040129
20040130
20040131
20040201
20040202
20040203
20040204
20040205
20040206
20040207
20040208
20040209
20040210
20040211
20040212
20040213
20040214
20040215
20040216
20040217
20040218
20040219
20040220
20040221
20040222
20040223
20040224
20040225
20040226
20040227
20040228
20040229
20040301
20040302
20040303
20040304
20040305
20040306
20040307
20040308
20040309
20040310
20040311
20040312
20040313
20040314
20040315
20040316
20040317
20040318
20040319
20040320
20040321
20040322
20040323
20040324
20040325
20040326
20040327
20040402
20040403
20040404
20040405
20040406
20040407
20040408
20040409
20040410
20040411
20040412
20040413
20040414
20040415
20040416
20040417
20040418
20040419
20040420
20040501
20040502
20040503
20040504
20040505
20040506
20040507
20040508
20040509
20040510
20040511
20040512
20040513
20040514
20040515
20041010
20041011
20041012
20041013
20041014
20041015
20041016
20041017
20041018
20041019
20041020
20041021
20041028
20041029
20041030
20041031
20041101
20041102
20041103
20041104
20041105
20041209
20041210
20041211
20041212
20041213
20041214
20041215
20041216
20041217
20041218
20041219
20041220
20041221
20041222
20041223
20041224
20041225
20041226
20041227
20041228
20041229
20041230
20041231
20050101
20050102
20050103
20050104
20050105
20050106
20050107
20050108
20050109
20050110
20050111
20050112
20050113
20050114
20050115
20050116
20050117
20050219
20050220
20050221
20050222
20050223
20050224
20050225
20050226
20050227
20050228
20050301
20050327
20050328
20050329
20050330
20050331
20050401
20050402
20050403
20050404
20050405
20050406
20050407
20050408
20050409
20050410
20050411
20050412
20050413
20050414
20050415
20050416
20050417
20050418
20050419
20050420
20050421
20050422
20050423
20050424
20050425
20050426
20050427
20050428
20050429
20050430
20050501
20050502
20050503
20050504
20050505
20050506
20050507
20050508
20050509
20050510
20050511
20050512
20050513
20050514
20050515
20050527
20050528
20050529
20050530
20050531
20050924
20050925
20050926
20050927
20050928
20060109
20060110
20060111
20060112
20060113
20060114
20060115
20060116
20060117
20060118
20060119
20060120
20060121
20060122
20060123
20060124
20060125
20060126
20060127
20060128
20060129
20060130
20060131
20060201
20060202
20060203
20060204
20060205
20060206
20060207
20060208
20060209
20060210
20060211
20060212
20060213
20060214
20060215
20060216
20060217
20060218
20060219
20060220
20060221
20060222
20060223
20060224
20060225
20060226
20060227
20060228
20060301
20060302
20060303
20060304
20060305
20060306
20061004
20061005
20061006
20061007
20061008
20061009
20061010
20061011
20061012
20061221
20061222
20061223
20061224
20061225
20061226
20061227
20061228
20061229
20061230
20061231
20070101
20070102
20070103
20070104
20070105
20070106
20070107
20070108
20070109
20070110
20070111
20070112
20070113
20070114
20070115
20070116
20070117
20070209
20070210
20070211
20070212
20070213
20070214
20070215
20070216
20070217
20070218
20070219
20070220
20070221
20070222
20070223
20070224
20070225
20070226
20070227
20070228
20070301
20070302
20070303
20070304
20070305
20070306
20070307
20070308
20070309
20070310
20071114
20071115
20071116
20071117
20071118
20071119
20071120
20071121
20071122
20071123
20071124
20071125
20071126
20071127
20071128
20071129
20071130
20071201
20071202
20071203
20071204
20071205
20071206
20071207
20071208
20071209
20071210
20071211
20071212
20071213
20071214
20071215
20071216
20071217
20071218
20071219
20071220
20071221
20071222
20071223
20071224
20071225
20071226
20071227
20071228
20071229
20071230
20071231
20080101
20080102
20080103
20080104
20080105
20080106
20080107
20080108
20080109
20080110
20080111
20080112
20080113
20080114
20080115
20080116
20080117
20080118
20080119
20080120
20080121
20080122
20080123
20080124
20080125
20080126
20080127
20080128
20080129
20080130
20080131
20080201
20080202
20080203
20080204
20080205
20080206
20080207
20080208
20080209
20080210
20080211
20080212
20080213
20080214
20080215
20080216
20080217
20080218
20080219
20080220
20080221
20080222
20080223
20080224
20080225
20080226
20080227
20080228
20080229
20080312
20080313
20080314
20080315
20080316
20080317
20080318
20080319
20080320
20080421
20080422
20080423
20080424
20080425
20080426
20080427
20080428
20080429
20080512
20080513
20080514
20080515
20080516
20080517
20080518
20080519
20080520
20090106
20090107
20090108
20090109
20090110
20090111
20090112
20090113
20090114
20090115
20090116
20090117
20090118
20090119
20090120
20090121
20090122
20090123
20090124
20090125
20090126
20090127
20090128
20090129
20090130
20090131
20090201
20090202
20090203
20090204
20090205
20090206
20090207
20090208
20090209
20090210
20090211
20090212
20090213
20090214
20090215
20090216
20090217
20090328
20090329
20090330
20090331
20090401
20090402
20090403
20090404
20090405
20090406
20090407
20090408
20090409
20090410
20090411
20090412
20090413
20090414
20090415
20090416
20090417
20090418
20090419
20090420
20090421
20090422
20090423
20090424
20090425
20090426
20090427
20090428
20090429
20090430
20090501
20090502
20090503
20090504
20090505
20090506
20090507
20090508
20091029
20091030
20091031
20091101
20091102
20091103
20091104
20091105
20091106
20091107
20091108
20091109
20091110
20091111
20091112
20091113
20091114
20091115
20091116
20091117
20091118
20091119
20091120
20091121
20091122
20091123
20091124
20091125
20091126
20091127
20091128
20091129
20091130
20091201
20091202
20091203
20091204
20091205
20091206
20091207
20091208
20091209
20091210
20091211
20091212
20091213
20091214
20091227
20091228
20091229
20091230
20091231
20100101
20100102
20100103
20100104
20100105
20100106
20100107
20100108
20100109
20100110
20100111
20100112
20100113
20100114
20100115
20100116
20100117
20100118
20100119
20100120
20100121
20100122
20100123
20100124
20100125
20100126
20100127
20100128
20100129
20100130
20100131
20100201
20100202
20100203
20100204
20100205
20100206
20100207
20100208
20100209
20100210
20100211
20100212
20100213
20100214
20100215
20100216
20100217
20100218
20100219
20100220
20100221
20100222
20111028
20111029
20120110
20120111
20120112
20120113
20120114
20120115
20120116
20120117
20120118
20120119
20120120
20120121
20120122
20120123
20120124
20120125
20120126
20120127
20120128
20120129
20120130
20120131
20120201
20120202
20120203
20120204
20120205
20120206
20120207
20120208
20120209
20120210
20120211
20120212
20120213
20120214
20120215
20120216
20120217
20120218
20120219
20120220
20120221
20120222
20120223
20120224
20120225
20120226
20120227
20120228
20120229
20120301
20120302
20120303
20120304
20120305
20120306
20120307
20120308
20120309
20120310
20120311
20120312
20120313
20120314
20120315
20120316
20120317
20120318
20120319
20120320
20120321
20120322
20120323
20120324
20120325
20120326
20120327
20120328
20120329
20120330
20120331
20120401
20120402
20120403
20120404
20120405
20120406
20120407
20120408
20120409
20120410
20120411
20120412
20120413
20120414
20120415
20120416
20120417
20120418
20120419
20120420
20120421
20120422
20130102
20130103
20130104
20130105
20130106
20130107
20130108
20130109
20130110
20130111
20130112
20130113
20130114
20130115
20130116
20130117
20130118
20130119
20130120
20130121
20130122
20130123
20130124
20130125
20130126
20130127
20130128
20130129
20130130
20130131
20130201
20130202
20130203
20130204
20130205
20130206
20130207
20130208
20130209
20130210
20130211
20130212
20130213
20130214
20130215
20130216
20130217
20130218
20130219
20130220
20130221
20130222
20130223
20130224
20130225
20130226
20130227
20130228
20130301
20130302
20130303
20130304
20130305
20130306
20130307
20130308
20130309
20130310
20130311
20130312
20130313
20130314
20130315
20130316
20130317
20130318
20130319
20130320
20130321
20130322
20130323
20130324
20130325
20130326
20130327
20130328
20130329
20130330
20130331
20130401
20130402
20130403
20130404
20130405
20130406
20130407
20130408
20130409
20130410
20130411
20130412
20130413
20130414
20130415
20130416
20130417
20130418
20130423
20130424
20130425
20130426
20130427
20130428
20130429
20130430
20130501
20130502
20130503
20130504
20130505
20130506
20140122
20140123
20140124
20140125
20140126
20140127
20140128
20140129
20140130
20140131
20140210
20140211
20140212
20140213
20140214
20140215
20140216
20140217
20140218
20140219
20140220
20140221
20140222
20140223
20140228
20140301
20140302
20140303
20140304
20140305
20140306
20140307
20140308
20140309
20140310
20140311
20140312
20140313
20140314
20140315
20140316
20140323
20140324
20140325
20140326
20140327
20140328
20140329
20140330
20140331
20140401
20140402
20140410
20140411
20140412
20140413
20140414
20140415
20140416
20140417
20140418
20140419
20140420
20140421
20140422
20140423
20140424
20141123
20141124
20141125
20141221
20141222
20141223
20141224
20141225
20141226
20141227
20141228
20141229
20141230
20141231
20150101
20150102
20150103
20150104
20150105
20150106
20150107
20150108
20150109
20150110
20150111
20150112
20150113
20150114
20150115
20150116
20150117
20150118
20150119
20150302
20150303
20150304
20150305
20150306
20150307
20150308
20150309
20150310
20150311
20150312
20150313
20150314
20150315
20150316
20150317
20150318
20150319
20150320
20150321
20150322
20150323
20150324
20150325
20150326
20150327
20150328
20150329
20150330
20150331
20150401
20150402
20150403
20150404
20150405
20150406
20150407
20150408
20150409
20150410
20150629
20150630
20150701
20150702
20150703
20150704
20150705
