19980101
19980102
19980103
19980104
19980105
19980106
19980107
19980108
19980109
19980110
19980111
19980112
19980113
19980114
19980115
19980128
19980129
19980130
19980131
19980202
19980203
19980204
19980205
19980206
19980207
19980208
19980209
19980210
19980211
19980212
19980213
19980214
19980215
19980216
19980217
19980218
19980219
19980220
19980314
19980327
19980328
19980329
19980330
19980331
19980401
19980402
19980403
19980404
19980409
19980411
19980412
19980413
19980414
19980415
19980416
19980417
19980428
19980502
19980505
19980506
19980507
19980508
19980509
19980510
19980511
19980512
19980513
19980514
19980515
19980516
19980517
19980518
19980519
19980520
19980521
19980522
19980523
19980524
19980525
19980526
19980527
19980528
19980529
19980605
19980606
19980607
19980608
19980609
19980610
19980611
19980622
19980623
19980624
19980625
19980626
19980627
19980628
19980714
19980715
19980716
19980717
19980718
19980814
19980815
19980816
19980817
19980818
19980819
19980820
19980821
19980822
19980823
19980824
19980825
19980826
19980827
19980828
19980829
19980830
19980831
19980901
19980902
19980903
19980904
19980905
19980906
19980907
19980908
19980909
19980910
19980918
19980919
19980920
19980921
19980922
19980923
19980924
19980925
19980926
19980927
19980928
19980929
19980930
19981001
19981002
19981003
19981004
19981005
19981006
19981007
19981008
19981009
19981010
19981014
19981015
19981016
19981017
19981018
19981019
19981109
19981110
19981111
19981112
19981113
19981114
19981115
19981116
19981117
19981118
19981119
19981120
19981121
19981122
19981123
19981124
19981125
19981126
19981127
19981128
19981129
19981130
19981201
19981207
19981208
19981209
19981210
19981211
19990104
19990105
19990110
19990111
19990112
19990113
19990114
19990115
19990116
19990117
19990118
19990119
19990120
19990121
19990122
19990123
19990124
19990125
19990126
19990127
19990128
19990129
19990130
19990131
19990201
19990202
19990203
19990205
19990206
19990207
19990208
19990209
19990210
19990211
19990212
19990213
19990214
19990215
19990216
19990217
19990218
19990219
19990220
19990221
19990222
19990223
19990224
19990226
19990227
19990228
19990301
19990302
19990303
19990304
19990305
19990306
19990307
19990308
19990309
19990310
19990311
19990312
19990313
19990314
19990315
19990316
19990317
19990318
19990319
19990320
19990321
19990322
19990323
19990324
19990325
19990412
19990413
19990414
19990415
19990416
19990417
19990418
19990419
19990422
19990423
19990424
19990425
19990426
19990427
19990428
19990429
19990430
19990501
19990502
19990503
19990504
19990505
19990506
19990507
19990508
19990509
19990510
19990511
19990512
19990513
19990514
19990515
19990516
19990528
19990529
19990530
19990531
19990601
19990602
19990603
19990604
19990605
19990606
19990616
19990617
19990618
19990619
19990620
19990621
19990622
19990623
19990624
19990625
19990626
19990627
19990628
19990629
19990630
19990701
19990702
19990703
19990704
19990705
19990706
19990720
19990721
19990722
19990723
19990727
19990728
19990729
19990817
19990818
19990819
19990820
19990821
19990822
19990823
19990824
19990825
19990826
19990827
19990908
19990919
19990920
19990921
19990922
19990923
19990924
19990925
19990926
19990927
19990928
19990929
19990930
19991001
19991002
19991003
19991004
19991005
19991006
19991007
19991008
19991017
19991018
19991019
19991020
19991021
19991027
19991028
19991029
19991030
19991031
19991101
19991102
19991103
19991104
19991105
19991106
19991107
19991108
19991109
19991110
19991111
19991112
19991113
19991114
19991115
19991116
19991117
19991118
19991130
19991201
19991202
19991203
19991204
19991205
19991206
19991207
19991208
19991209
19991210
19991211
19991212
19991213
19991214
19991215
19991216
19991217
19991218
19991219
19991220
19991221
19991222
19991223
19991224
19991225
19991226
20000202
20000217
20000218
20000219
20000220
20000221
20000222
20000223
20000224
20000225
20000226
20000227
20000228
20000229
20000301
20000302
20000303
20000304
20000307
20000308
20000323
20000324
20000325
20000326
20000327
20000328
20000404
20000405
20000406
20000415
20000416
20000417
20000418
20000419
20000420
20000421
20000430
20000501
20000502
20000503
20000504
20000505
20000506
20000507
20000508
20000509
20000510
20000511
20000512
20000530
20000614
20000615
20000616
20000617
20000618
20000619
20000620
20000621
20000705
20000706
20000707
20000708
20000709
20000710
20000711
20000712
20000713
20000714
20000715
20000716
20000717
20000718
20000719
20000720
20000721
20000722
20000723
20000724
20000725
20000726
20000727
20000728
20000729
20000730
20000731
20000801
20000802
20000803
20000804
20000805
20000806
20000807
20000808
20000809
20000815
20000816
20000817
20000818
20000819
20000820
20000821
20000822
20000823
20000824
20000825
20000826
20000827
20000828
20000829
20000830
20000831
20000901
20000902
20000903
20000904
20000905
20000906
20000907
20000908
20000909
20000910
20000912
20000913
20000914
20000915
20000916
20000917
20000918
20000919
20000920
20000921
20000922
20000923
20000928
20000929
20000930
20001001
20001002
20001003
20001004
20001005
20001006
20001007
20001008
20001009
20001010
20001011
20001012
20001013
20001014
20001015
20001016
20001017
20001018
20001019
20001020
20001021
20001022
20001023
20001024
20001025
20001026
20001027
20001028
20001029
20001030
20001031
20001101
20001102
20001103
20001104
20001105
20001106
20001107
20001108
20001109
20001110
20001111
20001113
20001114
20001115
20001116
20001117
20001118
20001119
20001120
20001121
20001122
20001123
20001124
20001125
20001126
20001127
20001128
20001129
20001130
20001201
20001202
20001203
20001204
20001205
20001206
20001207
20001208
20001209
20001210
20001211
20001212
20001213
20001214
20001215
20001216
20001217
20010104
20010105
20010106
20010107
20010108
20010109
20010110
20010111
20010112
20010113
20010114
20010115
20010116
20010117
20010118
20010119
20010120
20010121
20010122
20010123
20010124
20010125
20010126
20010127
20010128
20010129
20010130
20010131
20010201
20010202
20010203
20010204
20010205
20010206
20010207
20010208
20010209
20010210
20010211
20010212
20010213
20010214
20010215
20010216
20010217
20010218
20010219
20010220
20010221
20010222
20010223
20010224
20010225
20010226
20010227
20010228
20010301
20010302
20010303
20010304
20010415
20010426
20010428
20010429
20010508
20010509
20010510
20010511
20010512
20010513
20010514
20010515
20010516
20010517
20010518
20010519
20010520
20010521
20010522
20010523
20010524
20010525
20010526
20010527
20010528
20010529
20010530
20010531
20010601
20010602
20010603
20010604
20010605
20010606
20010607
20010627
20010628
20010629
20010630
20010701
20010702
20010703
20010704
20010705
20010706
20010707
20010708
20010709
20010710
20010711
20010712
20010713
20010714
20010715
20010716
20010717
20010718
20010719
20010720
20010721
20010722
20010723
20010724
20010725
20010726
20010727
20010728
20010803
20010804
20010805
20010806
20010807
20010808
20010809
20010810
20010811
20010812
20010813
20010814
20010815
20010816
20010817
20010818
20010819
20010820
20010821
20010822
20010823
20010824
20010825
20010826
20010906
20010907
20010908
20010909
20010911
20010912
20010913
20010914
20010915
20010916
20010917
20010918
20010919
20010921
20010922
20010923
20010924
20010925
20010926
20010927
20010928
20010929
20010930
20011001
20011002
20011003
20011004
20011005
20011006
20011007
20011008
20011009
20011010
20011011
20011012
20011013
20011014
20011015
20011020
20011021
20011022
20011023
20011024
20011025
20011026
20011027
20011028
20011029
20011030
20011031
20011101
20011102
20011108
20011109
20011110
20011111
20011117
20011119
20011121
20011122
20011123
20011126
20011127
20011203
20011204
20011205
20011206
20011207
20011208
20011209
20011210
20011211
20011212
20011213
20011214
20011215
20011216
20011217
20011218
20011219
20011220
20011221
20011222
20011223
20011224
20011225
20011226
20011227
20011228
20011229
20011230
20011231
20020101
20020102
20020103
20020104
20020107
20020108
20020109
20020110
20020111
20020112
20020113
20020114
20020115
20020116
20020117
20020118
20020119
20020120
20020121
20020122
20020123
20020124
20020125
20020126
20020127
20020128
20020129
20020131
20020208
20020209
20020210
20020211
20020217
20020218
20020219
20020220
20020221
20020222
20020223
20020224
20020225
20020226
20020227
20020228
20020312
20020313
20020314
20020315
20020316
20020317
20020318
20020319
20020320
20020321
20020322
20020323
20020324
20020325
20020326
20020327
20020328
20020329
20020330
20020331
20020412
20020413
20020414
20020415
20020416
20020426
20020427
20020428
20020429
20020430
20020501
20020502
20020503
20020504
20020505
20020506
20020507
20020508
20020509
20020510
20020511
20020512
20020513
20020514
20020515
20020516
20020517
20020518
20020519
20020520
20020521
20020522
20020523
20020524
20020525
20020526
20020527
20020528
20020529
20020530
20020531
20020601
20020602
20020603
20020604
20020605
20020606
20020607
20020608
20020609
20020610
20020611
20020612
20020613
20020614
20020615
20020616
20020617
20020618
20020619
20020620
20020621
20020622
20020623
20020624
20020625
20020626
20020627
20020628
20020629
20020630
20020701
20020702
20020703
20020704
20020705
20020706
20020707
20020708
20020709
20020710
20020711
20020712
20020713
20020714
20020715
20020716
20020717
20020718
20020719
20020720
20020801
20020802
20020803
20020804
20020805
20020806
20020807
20020808
20020809
20020810
20020811
20020812
20020813
20020814
20020815
20020816
20020817
20020818
20020819
20020820
20020821
20020822
20020823
20020824
20020825
20020826
20020827
20020828
20020829
20020830
20020923
20020924
20020925
20020926
20020927
20021005
20021006
20021007
20021008
20021009
20021026
20021027
20021028
20021029
20021030
20021031
20021101
20021102
20021103
20021104
20021105
20021106
20021107
20021108
20021109
20021110
20021111
20021112
20021113
20021114
20021115
20021116
20021117
20021118
20021119
20021120
20021121
20021122
20021123
20021124
20021125
20021126
20021127
20021128
20021129
20021130
20021201
20021202
20021203
20021204
20021205
20021206
20021207
20021208
20021209
20021210
20021213
20021214
20021215
20021216
20021217
20021218
20021219
20021220
20021221
20021222
20021223
20021224
20021225
20021226
20021227
20021228
20021229
20021230
20021231
20030101
20030108
20030109
20030110
20030111
20030112
20030116
20030117
20030211
20030212
20030213
20030227
20030228
20030301
20030302
20030303
20030304
20030305
20030306
20030307
20030308
20030309
20030310
20030313
20030314
20030315
20030316
20030317
20030318
20030319
20030320
20030321
20030322
20030323
20030324
20030325
20030326
20030327
20030328
20030330
20030331
20030401
20030402
20030403
20030404
20030405
20030406
20030407
20030408
20030409
20030410
20030411
20030412
20030423
20030425
20030427
20030428
20030429
20030430
20030501
20030502
20030503
20030505
20030506
20030507
20030508
20030509
20030510
20030511
20030512
20030513
20030514
20030515
20030516
20030517
20030518
20030519
20030520
20030521
20030522
20030523
20030524
20030525
20030526
20030527
20030528
20030529
20030530
20030531
20030601
20030602
20030603
20030604
20030605
20030606
20030607
20030608
20030609
20030610
20030611
20030612
20030613
20030614
20030615
20030616
20030617
20030618
20030619
20030620
20030621
20030622
20030623
20030624
20030625
20030626
20030630
20030701
20030702
20030703
20030704
20030705
20030706
20030707
20030708
20030709
20030710
20030719
20030720
20030721
20030722
20030723
20030724
20030804
20030823
20030908
20030909
20030910
20030911
20030913
20030915
20030916
20030917
20030929
20030930
20031009
20031010
20031011
20031012
20031013
20031014
20031015
20031016
20031017
20031018
20031019
20031020
20031021
20031022
20031023
20031024
20031025
20031026
20031027
20031028
20031029
20031030
20031203
20031204
20031205
20031206
20031207
20031208
20031209
20031210
20031211
20031212
20031213
20031214
20031215
20031216
20031217
20031218
20031219
20031220
20031221
20031222
20031223
20031224
20031225
20031226
20031227
20031228
20031229
20031230
20031231
20040101
20040102
20040103
20040104
20040105
20040106
20040107
20040108
20040109
20040110
20040111
20040112
20040113
20040114
20040115
20040116
20040117
20040118
20040119
20040120
20040121
20040122
20040123
20040124
20040125
20040126
20040127
20040128
20040129
20040130
20040131
20040201
20040202
20040203
20040204
20040205
20040206
20040207
20040208
20040209
20040210
20040211
20040212
20040213
20040215
20040216
20040217
20040218
20040226
20040227
20040228
20040229
20040301
20040302
20040303
20040306
20040307
20040308
20040309
20040310
20040311
20040312
20040313
20040314
20040315
20040316
20040317
20040318
20040319
20040320
20040321
20040322
20040323
20040324
20040325
20040326
20040327
20040328
20040329
20040330
20040331
20040401
20040402
20040403
20040404
20040411
20040412
20040413
20040414
20040415
20040416
20040420
20040421
20040422
20040423
20040424
20040425
20040426
20040427
20040428
20040429
20040430
20040501
20040502
20040503
20040504
20040505
20040506
20040507
20040508
20040509
20040510
20040511
20040512
20040513
20040514
20040515
20040525
20040526
20040527
20040528
20040529
20040530
20040618
20040619
20040620
20040621
20040622
20040623
20040624
20040625
20040626
20040627
20040628
20040629
20040630
20040701
20040702
20040703
20040704
20040705
20040706
20040707
20040708
20040709
20040710
20040711
20040712
20040713
20040714
20040715
20040716
20040717
20040718
20040719
20040720
20040721
20040722
20040723
20040724
20040803
20040804
20040805
20040806
20040807
20040808
20040809
20040810
20040811
20040812
20040813
20040814
20040815
20040816
20040818
20040819
20040820
20040821
20040822
20040823
20040824
20040825
20040826
20040828
20040902
20040903
20040904
20040905
20040906
20040910
20040911
20040912
20040913
20040914
20040915
20040916
20040917
20040918
20040919
20040920
20040921
20040922
20040923
20040924
20040925
20040926
20040927
20040928
20040929
20040930
20041001
20041002
20041003
20041004
20041005
20041006
20041007
20041008
20041009
20041010
20041014
20041015
20041016
20041017
20041018
20041019
20041020
20041021
20041022
20041023
20041024
20041025
20041026
20041027
20041028
20041029
20041030
20041031
20041101
20041102
20041202
20041225
20041226
20041227
20041230
20041231
20050101
20050102
20050103
20050104
20050105
20050106
20050107
20050108
20050109
20050110
20050111
20050112
20050114
20050115
20050116
20050117
20050118
20050119
20050120
20050121
20050122
20050130
20050131
20050201
20050202
20050203
20050204
20050205
20050206
20050207
20050208
20050209
20050210
20050211
20050212
20050213
20050214
20050215
20050216
20050222
20050223
20050224
20050225
20050226
20050227
20050228
20050301
20050302
20050303
20050304
20050305
20050306
20050307
20050308
20050309
20050310
20050311
20050312
20050315
20050316
20050317
20050318
20050319
20050320
20050321
20050322
20050323
20050324
20050325
20050326
20050327
20050328
20050329
20050330
20050331
20050401
20050402
20050403
20050404
20050405
20050406
20050407
20050408
20050409
20050410
20050411
20050412
20050413
20050414
20050415
20050416
20050417
20050418
20050419
20050420
20050421
20050422
20050423
20050424
20050425
20050426
20050427
20050428
20050429
20050430
20050501
20050502
20050503
20050504
20050505
20050506
20050507
20050508
20050509
20050510
20050511
20050512
20050513
20050514
20050515
20050516
20050517
20050518
20050519
20050520
20050521
20050522
20050523
20050610
20050629
20050630
20050701
20050702
20050703
20050704
20050705
20050706
20050707
20050710
20050711
20050712
20050713
20050714
20050715
20050725
20050726
20050727
20050728
20050729
20050730
20050731
20050801
20050802
20050803
20050804
20050805
20050806
20050807
20050813
20050814
20050815
20050816
20050817
20050818
20050819
20050902
20050903
20050904
20050905
20050906
20050907
20050908
20050909
20050910
20050911
20050912
20050913
20050914
20050915
20050916
20050917
20050919
20050920
20050921
20050922
20050923
20050924
20051005
20051007
20051008
20051009
20051010
20051011
20051012
20051013
20051014
20051015
20051016
20051017
20051018
20051019
20051020
20051027
20051028
20051029
20051030
20051031
20051101
20051102
20051103
20051104
20051105
20051108
20051109
20051110
20051116
20051117
20051118
20051119
20051120
20051121
20051122
20051210
20051230
20051231
20060101
20060102
20060103
20060104
20060111
20060112
20060113
20060114
20060115
20060116
20060117
20060118
20060119
20060120
20060121
20060122
20060123
20060124
20060125
20060126
20060127
20060128
20060129
20060130
20060131
20060201
20060202
20060203
20060204
20060205
20060206
20060207
20060208
20060209
20060210
20060211
20060212
20060213
20060214
20060215
20060216
20060218
20060219
20060220
20060221
20060222
20060223
20060224
20060225
20060226
20060227
20060228
20060301
20060302
20060303
20060326
20060327
20060328
20060329
20060330
20060331
20060401
20060402
20060403
20060404
20060405
20060415
20060416
20060417
20060418
20060419
20060420
20060421
20060422
20060428
20060429
20060430
20060501
20060502
20060503
20060504
20060505
20060506
20060507
20060508
20060509
20060510
20060511
20060512
20060513
20060514
20060515
20060516
20060517
20060518
20060519
20060520
20060521
20060522
20060523
20060531
20060601
20060602
20060603
20060604
20060605
20060606
20060607
20060608
20060609
20060610
20060611
20060612
20060613
20060614
20060704
20060705
20060706
20060707
20060708
20060709
20060710
20060711
20060712
20060713
20060714
20060715
20060716
20060717
20060718
20060719
20060720
20060725
20060726
20060727
20060801
20060807
20060808
20060809
20060810
20060811
20060820
20060823
20060824
20060825
20060826
20060827
20060828
20060829
20060830
20060906
20060907
20060908
20060909
20060910
20060911
20060912
20060913
20060914
20060915
20060916
20060917
20060918
20060919
20060920
20060921
20060922
20060923
20060924
20060925
20060926
20060927
20060928
20060929
20060930
20061001
20061002
20061003
20061004
20061005
20061006
20061007
20061008
20061009
20061010
20061011
20061012
20061013
20061014
20061015
20061016
20061017
20061018
20061019
20061020
20061021
20061022
20061023
20061024
20061025
20061108
20061109
20061110
20061111
20061112
20061113
20061114
20061115
20061116
20061117
20061118
20061119
20061120
20061121
20061122
20061123
20061124
20061125
20061126
20061127
20061128
20061213
20061217
20061218
20061219
20061220
20061221
20061222
20061223
20061224
20061225
20061226
20061227
20061228
20061229
20061230
20061231
20070101
20070102
20070103
20070104
20070105
20070106
20070107
20070108
20070109
20070110
20070111
20070112
20070113
20070114
20070115
20070126
20070127
20070128
20070129
20070130
20070213
20070214
20070215
20070217
20070218
20070219
20070220
20070221
20070222
20070223
20070224
20070225
20070226
20070227
20070228
20070301
20070302
20070303
20070304
20070305
20070306
20070307
20070308
20070309
20070310
20070311
20070312
20070325
20070326
20070327
20070328
20070329
20070330
20070331
20070401
20070402
20070403
20070404
20070405
20070406
20070407
20070408
20070409
20070410
20070427
20070428
20070503
20070517
20070518
20070519
20070520
20070521
20070522
20070523
20070524
20070525
20070526
20070527
20070528
20070529
20070530
20070531
20070601
20070602
20070603
20070604
20070605
20070606
20070607
20070608
20070609
20070610
20070611
20070612
20070613
20070614
20070615
20070616
20070617
20070618
20070619
20070620
20070621
20070622
20070625
20070626
20070630
20070701
20070708
20070709
20070710
20070711
20070712
20070713
20070714
20070715
20070716
20070717
20070718
20070719
20070720
20070721
20070722
20070723
20070724
20070725
20070726
20070816
20070817
20070818
20070824
20070825
20070826
20070827
20070828
20070829
20070830
20070831
20070901
20070902
20070903
20070908
20070909
20070910
20070911
20070912
20070913
20070914
20070915
20070916
20070917
20070918
20070919
20070920
20070921
20070922
20070923
20070924
20070927
20071008
20071009
20071010
20071011
20071012
20071013
20071014
20071015
20071016
20071017
20071018
20071019
20071020
20071021
20071028
20071029
20071114
20071115
20071116
20071117
20071118
20071119
20071120
20071121
20071122
20071123
20071124
20071125
20071126
20071127
20071128
20071129
20071130
20071201
20071202
20071203
20071204
20071205
20071206
20071207
20071208
20071209
20071210
20071211
20071212
20071213
20071214
20071215
20071216
20071217
20071218
20071219
20071220
20071221
20071222
20071223
20071224
20071225
20071226
20071227
20071228
20071229
20071230
20071231
20080101
20080102
20080103
20080104
20080105
20080106
20080107
20080108
20080109
20080110
20080111
20080112
20080113
20080114
20080115
20080116
20080117
20080118
20080119
20080120
20080121
20080123
20080124
20080125
20080126
20080127
20080128
20080129
20080130
20080131
20080201
20080202
20080203
20080204
20080205
20080206
20080207
20080208
20080209
20080210
20080211
20080212
20080213
20080214
20080215
20080216
20080217
20080218
20080219
20080220
20080221
20080302
20080303
20080304
20080305
20080306
20080307
20080308
20080309
20080310
20080311
20080312
20080313
20080314
20080315
20080316
20080317
20080318
20080319
20080320
20080321
20080322
20080323
20080324
20080325
20080326
20080401
20080402
20080403
20080404
20080405
20080406
20080407
20080408
20080409
20080410
20080411
20080503
20080504
20080505
20080506
20080507
20080508
20080509
20080510
20080511
20080512
20080513
20080514
20080515
20080516
20080517
20080518
20080519
20080520
20080521
20080522
20080523
20080524
20080525
20080526
20080527
20080528
20080529
20080530
20080531
20080601
20080602
20080603
20080604
20080605
20080606
20080607
20080608
20080609
20080610
20080611
20080612
20080630
20080701
20080702
20080703
20080704
20080705
20080706
20080707
20080708
20080709
20080710
20080711
20080712
20080713
20080714
20080715
20080716
20080717
20080718
20080719
20080720
20080721
20080801
20080802
20080808
20080809
20080811
20080812
20080813
20080814
20080815
20080816
20080817
20080818
20080819
20080820
20080821
20080822
20080823
20080824
20080825
20080826
20080827
20080828
20080829
20080830
20080831
20080901
20080902
20080903
20080904
20080905
20080906
20080907
20080908
20080909
20080910
20080911
20080912
20080913
20080914
20080915
20080916
20080917
20080918
20080919
20080920
20080921
20080922
20080923
20080924
20080925
20080927
20080928
20081015
20081017
20081018
20081019
20081020
20081021
20081022
20081023
20081024
20081025
20081026
20081027
20081028
20081029
20081030
20081031
20081101
20081109
20081110
20081111
20081112
20081113
20081115
20081116
20081117
20081118
20081119
20081120
20081121
20081122
20081123
20081124
20081125
20081126
20081127
20081128
20081129
20081130
20081201
20081202
20081203
20081213
20081214
20081216
20081217
20081218
20081219
20081226
20081227
20081228
20081230
20081231
20090101
20090103
20090104
20090105
20090106
20090107
20090108
20090109
20090110
20090111
20090112
20090113
20090114
20090115
20090116
20090117
20090118
20090119
20090120
20090121
20090122
20090123
20090124
20090201
20090202
20090203
20090204
20090205
20090206
20090207
20090208
20090209
20090211
20090212
20090224
20090225
20090226
20090227
20090228
20090301
20090302
20090311
20090312
20090313
20090314
20090320
20090321
20090322
20090323
20090324
20090325
20090326
20090327
20090328
20090329
20090330
20090331
20090401
20090402
20090403
20090404
20090405
20090406
20090407
20090408
20090409
20090410
20090411
20090412
20090413
20090414
20090415
20090416
20090417
20090418
20090419
20090420
20090421
20090422
20090423
20090424
20090425
20090426
20090427
20090428
20090429
20090430
20090501
20090502
20090503
20090504
20090505
20090506
20090507
20090508
20090509
20090510
20090519
20090520
20090521
20090522
20090523
20090524
20090530
20090531
20090601
20090602
20090603
20090604
20090605
20090606
20090607
20090608
20090609
20090610
20090611
20090612
20090613
20090614
20090615
20090616
20090617
20090618
20090619
20090620
20090621
20090622
20090623
20090624
20090625
20090626
20090627
20090713
20090714
20090811
20090812
20090813
20090814
20090815
20090816
20090817
20090818
20090819
20090820
20090821
20090822
20090823
20090901
20090902
20090903
20090904
20090905
20090906
20090907
20090908
20090909
20090910
20090911
20090913
20090914
20090915
20090916
20090917
20090918
20090919
20090920
20090921
20090922
20090923
20090924
20090925
20090926
20090927
20090928
20090929
20090930
20091001
20091002
20091003
20091004
20091005
20091006
20091007
20091008
20091026
20091027
20091028
20091029
20091030
20091031
20091101
20091102
20091103
20091104
20091105
20091106
20091107
20091108
20091109
20091110
20091111
20091112
20091113
20091114
20091115
20091116
20091117
20091118
20091119
20091120
20091121
20091122
20091123
20091124
20091125
20091126
20091127
20091128
20091129
20091130
20091201
20091202
20091203
20091204
20091217
20091218
20091219
20091220
20091221
20091222
20091223
20091224
20091225
20091226
20091227
20091228
20091229
20091230
20091231
20100101
20100102
20100103
20100104
20100105
20100106
20100118
20100119
20100120
20100121
20100122
20100123
20100124
20100125
20100126
20100127
20100128
20100129
20100130
20100131
20100201
20100202
20100203
20100204
20100205
20100206
20100207
20100208
20100209
20100210
20100211
20100212
20100213
20100214
20100215
20100225
20100310
20100311
20100312
20100313
20100314
20100315
20100316
20100317
20100318
20100319
20100320
20100321
20100322
20100323
20100324
20100325
20100326
20100327
20100328
20100329
20100330
20100331
20100401
20100402
20100403
20100404
20100405
20100406
20100407
20100417
20100419
20100420
20100421
20100427
20100428
20100429
20100430
20100501
20100502
20100503
20100504
20100505
20100506
20100507
20100508
20100509
20100510
20100511
20100512
20100513
20100523
20100526
20100527
20100528
20100529
20100530
20100531
20100601
20100602
20100607
20100608
20100609
20100615
20100616
20100617
20100618
20100619
20100620
20100621
20100622
20100623
20100624
20100625
20100626
20100627
20100628
20100629
20100630
20100701
20100702
20100703
20100704
20100705
20100706
20100710
20100711
20100712
20100713
20100714
20100715
20100716
20100717
20100718
20100719
20100720
20100721
20100722
20100723
20100724
20100725
20100726
20100727
20100728
20100729
20100815
20100816
20100817
20100818
20100823
20100824
20100825
20100826
20100827
20100902
20100903
20100904
20100905
20100906
20100907
20100920
20100921
20100922
20101003
20101004
20101005
20101006
20101007
20101008
20101009
20101010
20101011
20101012
20101013
20101014
20101015
20101016
20101017
20101018
20101019
20101107
20101110
20101111
20101112
20101113
20101114
20101115
20101202
20101203
20101204
20101205
20101206
20101207
20101208
20101209
20101210
20101211
20101212
20101213
20101214
20101218
20101219
20101220
20101224
20101225
20101226
20110108
20110109
20110110
20110111
20110112
20110113
20110114
20110115
20110116
20110117
20110118
20110119
20110120
20110121
20110122
20110123
20110124
20110125
20110126
20110127
20110128
20110219
20110220
20110221
20110222
20110306
20110307
20110308
20110309
20110310
20110311
20110312
20110313
20110314
20110316
20110317
20110320
20110321
20110322
20110323
20110324
20110325
20110326
20110327
20110328
20110329
20110330
20110331
20110401
20110402
20110403
20110404
20110405
20110406
20110407
20110408
20110428
20110429
20110430
20110501
20110502
20110503
20110504
20110505
20110506
20110507
20110508
20110509
20110510
20110511
20110512
20110513
20110514
20110515
20110516
20110517
20110518
20110519
20110520
20110526
20110527
20110528
20110608
20110609
20110610
20110611
20110709
20110710
20110711
20110712
20110713
20110714
20110715
20110719
20110720
20110721
20110722
20110723
20110724
20110812
20110813
20110814
20110815
20110816
20110817
20110818
20110819
20110820
20110822
20110823
20110824
20110825
20110826
20110827
20110828
20110829
20110830
20110909
20110910
20110912
20110919
20110925
20110926
20110927
20110928
20110929
20110930
20111001
20111002
20111003
20111004
20111005
20111006
20111007
20111008
20111009
20111010
20111011
20111012
20111013
20111014
20111015
20111016
20111017
20111018
20111019
20111020
20111021
20111022
20111023
20111024
20111025
20111026
20111101
20111102
20111103
20111104
20111105
20111106
20111107
20111108
20111109
20111113
20111115
20111116
20111117
20111118
20111119
20111120
20111121
20111122
20111123
20111124
20111125
20111126
20111127
20111128
20111129
20111130
20111201
20111202
20111203
20111204
20111205
20111206
20111207
20111208
20111209
20111210
20111220
20111221
20111222
20111223
20111224
20111225
20111226
20111227
20111228
20111229
20111230
20111231
20120101
20120102
20120103
20120104
20120107
20120120
20120121
20120122
20120123
20120124
20120125
20120126
20120127
20120128
20120129
20120130
20120131
20120201
20120202
20120203
20120204
20120205
20120206
20120207
20120208
20120209
20120210
20120211
20120212
20120213
20120214
20120215
20120216
20120217
20120218
20120219
20120220
20120221
20120222
20120223
20120224
20120225
20120226
20120227
20120228
20120229
20120301
20120302
20120303
20120304
20120305
20120306
20120307
20120308
20120309
20120310
20120311
20120312
20120313
20120314
20120315
20120316
20120317
20120318
20120319
20120320
20120321
20120322
20120323
20120324
20120325
20120326
20120327
20120328
20120329
20120330
20120331
20120401
20120402
20120403
20120404
20120405
20120406
20120407
20120408
20120409
20120410
20120411
20120412
20120413
20120414
20120416
20120417
20120418
20120419
20120420
20120421
20120423
20120424
20120519
20120603
20120604
20120605
20120606
20120607
20120608
20120609
20120610
20120611
20120612
20120613
20120614
20120615
20120616
20120617
20120618
20120619
20120620
20120621
20120622
20120623
20120624
20120625
20120626
20120627
20120630
20120701
20120702
20120703
20120704
20120705
20120706
20120707
20120708
20120709
20120710
20120711
20120712
20120713
20120714
20120715
20120731
20120801
20120802
20120807
20120808
20120809
20120810
20120811
20120812
20120813
20120814
20120815
20120816
20120817
20120818
20120819
20120820
20120821
20120822
20120823
20120824
20120825
20120826
20120827
20120828
20120829
20120830
20120904
20120905
20120906
20120907
20120908
20120909
20120910
20120911
20120912
20120913
20120914
20120920
20120921
20120923
20120924
20120927
20120928
20120929
20120930
20121001
20121002
20121003
20121004
20121005
20121007
20121008
20121017
20121018
20121019
20121020
20121021
20121022
20121023
20121024
20121028
20121029
20121030
20121031
20121102
20121103
20121104
20121105
20121106
20121130
20121213
20121214
20121215
20121216
20121217
20121218
20121223
20121224
20121231
20130101
20130102
20130104
20130105
20130106
20130107
20130108
20130109
20130110
20130111
20130112
20130113
20130114
20130115
20130116
20130117
20130118
20130119
20130120
20130121
20130122
20130123
20130124
20130125
20130126
20130127
20130128
20130129
20130130
20130131
20130201
20130202
20130203
20130204
20130205
20130207
20130208
20130209
20130210
20130211
20130212
20130213
20130214
20130215
20130216
20130217
20130218
20130219
20130220
20130221
20130222
20130223
20130225
20130226
20130227
20130228
20130301
20130302
20130303
20130304
20130305
20130306
20130307
20130308
20130309
20130310
20130311
20130312
20130313
20130314
20130315
20130316
20130317
20130318
20130319
20130320
20130321
20130330
20130331
20130401
20130402
20130403
20130404
20130405
20130406
20130407
20130408
20130409
20130410
20130411
20130430
20130501
20130502
20130503
20130504
20130505
20130506
20130507
20130508
20130509
20130510
20130511
20130512
20130515
20130527
20130528
20130529
20130530
20130531
20130611
20130612
20130613
20130614
20130615
20130616
20130617
20130618
20130619
20130620
20130621
20130622
20130623
20130624
20130625
20130626
20130627
20130628
20130629
20130630
20130701
20130702
20130703
20130704
20130705
20130706
20130707
20130708
20130709
20130724
20130816
20130817
20130818
20130819
20130820
20130823
20130824
20130825
20130826
20130827
20130828
20130829
20130830
20130831
20130901
20130902
20130903
20130904
20130905
20130906
20130907
20130908
20130914
20130915
20130916
20130917
20130918
20130919
20130920
20130921
20130922
20130923
20130924
20130925
20130926
20130927
20130928
20130929
20130930
20131001
20131002
20131003
20131004
20131005
20131006
20131007
20131008
20131009
20131010
20131011
20131030
20131031
20131101
20131102
20131108
20131109
20131202
20131205
20131206
20131207
20131208
20131209
20131210
20131211
20131212
20131213
20131214
20131215
20131216
20131217
20131218
20131219
20131220
20131221
20131227
20131228
20140115
20140116
20140117
20140118
20140119
20140120
20140121
20140122
20140123
20140124
20140125
20140126
20140127
20140128
20140129
20140130
20140131
20140201
20140202
20140203
20140210
20140215
20140216
20140217
20140218
20140219
20140220
20140221
20140222
20140223
20140224
20140225
20140226
20140227
20140228
20140301
20140302
20140303
20140304
20140305
20140306
20140307
20140308
20140309
20140310
20140311
20140312
20140313
20140314
20140323
20140324
20140325
20140326
20140327
20140328
20140329
20140330
20140331
20140401
20140402
20140403
20140404
20140405
20140406
20140407
20140408
20140409
20140410
20140411
20140412
20140413
20140414
20140415
20140416
20140417
20140418
20140419
20140429
20140430
20140501
20140502
20140503
20140504
20140505
20140506
20140507
20140508
20140509
20140510
20140511
20140512
20140513
20140514
20140526
20140527
20140528
20140529
20140530
20140531
20140601
20140602
20140603
20140609
20140610
20140611
20140612
20140613
20140614
20140615
20140616
20140617
20140619
20140620
20140707
20140708
20140709
20140710
20140711
20140712
20140713
20140714
20140721
20140722
20140723
20140724
20140726
20140727
20140728
20140729
20140730
20140802
20140803
20140804
20140805
20140806
20140807
20140808
20140809
20140810
20140811
20140812
20140813
20140814
20140815
20140816
20140817
20140818
20140819
20140820
20140821
20140822
20140823
20140824
20140825
20140826
20140827
20140828
20140831
20140901
20140902
20140903
20140904
20140905
20140906
20141003
20141004
20141005
20141006
20141007
20141015
20141016
20141017
20141018
20141019
20141020
20141109
20141110
20141111
20141112
20141113
20141114
20141118
20141119
20141120
20141121
20141122
20141123
20141124
20141125
20141126
20141127
20141128
20141129
20141130
20141201
20141202
20141203
20141204
20141205
20141206
20141207
20141208
20141209
20141211
20141212
20141219
20141220
20141221
20141222
20141223
20141224
20141225
20141226
20141227
20141228
20141229
20141230
20141231
20150101
20150102
20150103
20150104
20150105
20150106
20150107
20150108
20150109
20150110
20150111
20150112
20150113
20150114
20150115
20150116
20150117
20150118
20150119
20150120
20150121
20150122
20150123
20150124
20150125
20150131
20150202
20150203
20150204
20150205
20150206
20150207
20150208
20150209
20150210
20150211
20150212
20150222
20150303
20150304
20150305
20150306
20150307
20150308
20150309
20150310
20150311
20150312
20150313
20150314
20150315
20150316
20150317
20150318
20150319
20150320
20150321
20150322
20150323
20150324
20150325
20150326
20150327
20150328
20150329
20150330
20150331
20150401
20150402
20150403
20150404
20150405
20150406
20150407
20150408
20150409
20150417
20150418
20150419
20150420
20150530
20150531
20150601
20150602
20150603
20150604
20150605
20150606
20150607
20150608
20150609
20150610
20150611
20150612
20150613
20150614
20150615
20150616
20150617
20150618
20150619
20150620
20150621
20150622
20150623
20150624
20150625
20150626
20150627
20150628
20150629
20150630
20150701
20150702
20150703
20150704
20150705
20150706
20150707
20150708
20150709
20150710
20150711
20150712
20150713
20150714
20150715
20150716
20150717
20150718
20150719
20150720
20150721
20150722
20150723
20150724
20150725
20150726
20150727
20150728
20150729
20150730
20150822
20150823
20150824
20150825
20150826
20150827
20150828
20150902
20150903
20150904
20150905
20150906
20150915
20150916
20150917
20150920
20150921
20150924
20150925
20151014
20151015
20151023
20151024
20151025
20151026
20151027
20151028
20151029
20151030
20151031
20151101
20151102
20151103
20151104
20151105
20151106
20151107
20151108
20151109
20151110
20151111
20151112
20151113
20151114
20151119
20151120
20151125
20151126
20151127
20151128
20151129
20151130
20151201
20151207
20151208
20151209
20151210
20151211
20151212
20151213
20151214
20151215
20151216
20151217
20151218
20151219
20151220
20151221
20151222
20151223
20151224
20151225
20151226
20151227
20151228
20151229
20151230
20151231
