19980213
19980214
19980215
19980216
19980217
19980218
19980219
19980220
19980402
19980403
19980409
19980411
19980506
19980507
19980508
19980509
19980622
19980623
19980624
19980625
19980626
19980627
19980628
19980918
19980919
19981207
19981208
19981209
19990120
19990121
19990122
19990123
19990304
19990305
19990306
19990317
19990318
19990319
19990320
19990321
19990322
19990323
19990324
19990827
19991017
19991018
19991019
19991201
20000217
20000218
20000219
20001003
20001004
20001005
20001117
20001118
20001119
20001120
20001121
20001122
20010109
20010110
20010111
20010112
20010113
20010114
20010115
20010116
20010123
20010124
20010125
20010126
20010127
20010128
20010129
20010130
20010131
20010201
20010202
20010203
20010204
20010803
20010804
20010805
20010929
20010930
20011001
20011002
20011101
20011102
20020121
20020122
20020123
20020124
20020125
20020313
20020321
20020322
20020323
20020324
20020325
20020326
20020327
20020328
20020414
20020415
20020416
20020429
20020430
20020501
20020502
20020503
20020504
20020505
20020506
20020613
20020614
20020615
20020803
20020804
20020805
20020806
20021107
20021108
20021109
20021110
20021111
20021112
20021113
20021114
20021115
20021116
20021117
20021118
20021223
20021224
20021225
20021226
20021227
20030326
20030327
20030328
20030501
20030502
20030503
20030505
20030506
20030507
20030508
20031207
20031208
20031209
20031210
20031211
20031212
20031213
20040127
20040128
20040129
20040130
20040131
20040306
20040307
20040308
20040309
20040428
20040429
20040430
20040501
20040502
20040503
20040504
20040505
20040506
20040924
20040925
20040926
20040927
20040928
20040929
20041030
20041031
20041101
20041102
20041230
20041231
20050321
20050322
20050323
20050324
20050325
20050326
20050327
20050328
20050329
20050330
20050331
20050401
20050402
20050504
20050505
20050506
20050902
20051014
20060111
20060112
20060113
20060114
20060224
20060225
20060226
20060415
20060416
20060417
20060418
20060910
20060911
20060912
20060913
20060914
20060915
20060916
20060917
20060918
20060919
20061122
20061123
20061124
20061125
20061217
20061218
20061219
20061220
20061221
20061222
20061223
20061224
20061225
20061226
20061227
20061228
20061229
20070219
20070220
20070221
20070222
20070223
20070428
20070615
20070616
20071211
20071212
20071213
20071218
20071219
20071220
20071221
20080129
20080201
20080202
20080203
20080318
20080319
20080320
20080321
20080605
20080606
20080607
20080608
20080609
20080719
20080720
20080721
20080903
20080904
20080905
20081015
20081017
20081018
20081019
20081020
20090224
20090225
20090226
20090412
20090413
20090414
20090913
20090914
20090915
20090916
20091107
20091108
20091109
20091110
20091111
20091112
20091113
20091114
20091115
20091228
20091229
20091230
20091231
20100101
20100102
20100103
20100320
20100321
20100322
20100323
20100324
20100325
20100326
20100506
20100507
20100722
20100723
20100724
20100725
20100728
20100729
20100907
20101003
20101004
20101202
20110314
20110316
20110320
20110428
20110827
20110828
20110829
20110830
20110909
20110910
20110912
20110919
20111101
20111102
20111103
20111126
20111127
20111128
20111129
20111130
20120228
20120229
20120301
20120302
20120303
20120304
20120305
20120417
20120418
20120419
20120420
20120421
20120706
20120707
20120822
20120823
20120824
20120825
20120826
20120827
20120828
20120829
20120830
20121102
20121103
20121104
20121105
20121223
20121231
20130101
20130215
20130216
20130331
20130401
20130402
20130403
20130404
20130405
20130408
20130509
20130510
20130611
20131108
20131109
20131205
20131206
20131207
20131208
20131209
20131210
20131211
20131212
20131213
20131214
