19980412
19980413
19980414
19980415
19980416
19980417
19980510
19980511
19980512
19980513
19980514
19980515
19980605
19980606
19980607
19980608
19980609
19980610
19980920
19980921
19980922
19980923
19980924
19980925
19980926
19980927
19980928
19981210
19981211
19990124
19990125
19990325
19990412
19990413
19990414
19990415
19990720
19990721
19990722
19990723
19991020
19991021
19991027
19991028
19991029
19991030
19991130
19991202
19991203
19991204
19991205
19991206
19991207
19991208
19991209
20000220
20000221
20000222
20000223
20000224
20000225
20000226
20000227
20000228
20000229
20000301
20000302
20000303
20000304
20000404
20000405
20000406
20000415
20000416
20000817
20001006
20001007
20001123
20001124
20001125
20001126
20001128
20001129
20010205
20010206
20010207
20010208
20010426
20010428
20010429
20010806
20010807
20010808
20010809
20011003
20011004
20011005
20011006
20011108
20011109
20011110
20011111
20011117
20011119
20020126
20020127
20020128
20020329
20020330
20020331
20020507
20020508
20020509
20020616
20020617
20020618
20020619
20020807
20020808
20020809
20020810
20021005
20021006
20021119
20021120
20021121
20021122
20021123
20021228
20021229
20021230
20021231
20030227
20030330
20030509
20030510
20030511
20030512
20030719
20030720
20030721
20030908
20030909
20030910
20030911
20030913
20030915
20030929
20030930
20031009
20031010
20031011
20031214
20031215
20031216
20040201
20040202
20040203
20040204
20040205
20040206
20040207
20040303
20040310
20040311
20040312
20040313
20040314
20040315
20040507
20040508
20040509
20040510
20040930
20041001
20041002
20041003
20050101
20050102
20050103
20050104
20050105
20050106
20050403
20050404
20050405
20050406
20050407
20050408
20050507
20050508
20050509
20050729
20050730
20050731
20050903
20050904
20050905
20050906
20050907
20050908
20051015
20051016
20051027
20051028
20051029
20051030
20051031
20051101
20051102
20051103
20051104
20051210
20060115
20060116
20060117
20060227
20060228
20060301
20060302
20060303
20060419
20060420
20060920
20060921
20060922
20060923
20060924
20060925
20060926
20060927
20060928
20061126
20061127
20061128
20061230
20061231
20070101
20070224
20070225
20070226
20070227
20070503
20070617
20070618
20070619
20070620
20070621
20070622
20070908
20071029
20071222
20071223
20071224
20071225
20071226
20080204
20080205
20080206
20080207
20080208
20080322
20080323
20080324
20080610
20080611
20080612
20080801
20080802
20080906
20080907
20080908
20080909
20080910
20081021
20081022
20081023
20081024
20081025
20081026
20081027
20081109
20081110
20081111
20081112
20081113
20081115
20081226
20090201
20090202
20090227
20090228
20090301
20090302
20090415
20090416
20090713
20090714
20090901
20090902
20090903
20090904
20090905
20090906
20090907
20090908
20090910
20090911
20090917
20090918
20090919
20090921
20090923
20090930
20091001
20091002
20091003
20091004
20091005
20091006
20091116
20091117
20091118
20091119
20091120
20100104
20100105
20100106
20100327
20100328
20100329
20100330
20100417
20100419
20100420
20100508
20100509
20100510
20100511
20100512
20100513
20101005
20101006
20101007
20101203
20101204
20101205
20101206
20101207
20101208
20110321
20110322
20110323
20110324
20110325
20110326
20110429
20110430
20110501
20110608
20110609
20110610
20110719
20110720
20111104
20111105
20111201
20111202
20111203
20111204
20111205
20111220
20111221
20111222
20111224
20111225
20120121
20120306
20120307
20120308
20120309
20120310
20120311
20120423
20120424
20120904
20120905
20120906
20120907
20120908
20120909
20120910
20120911
20120920
20120921
20121106
20130102
20130104
20130105
20130106
20130217
20130218
20130219
20130220
20130221
20130222
20130330
20130406
20130407
20130409
20130410
20130411
20130511
20130512
20130612
20130613
20130614
20130914
20131215
20131216
20131217
20131218
20131219
