19980112
19980128
19980129
19980130
19980131
19980428
19980502
19980714
19980715
19980824
19980825
19980826
19980827
19990113
19990114
19990115
19990116
19990117
19990226
19990227
19990228
19990506
19990507
19990508
19990509
19990510
19990511
19990512
19990513
19990514
19990515
19990516
19990628
19990629
19990630
19990701
19990702
19990703
19990704
19990705
19990706
19990817
19990818
19990819
19990820
19990821
19990919
19990920
19990921
19990922
19990923
19990924
19990925
19990926
19990927
20000323
20000324
20000325
20000326
20000328
20000530
20000618
20000619
20000620
20000621
20000726
20000727
20000728
20000729
20000730
20000731
20000801
20000802
20000803
20000804
20000805
20000806
20000913
20000914
20000917
20000918
20000922
20000923
20001110
20001111
20010525
20010526
20010527
20010528
20010529
20010530
20010531
20010601
20010716
20010717
20010718
20010719
20010720
20010721
20010722
20010723
20010906
20010908
20010909
20010911
20010915
20011027
20020110
20020111
20020601
20020602
20020603
20020604
20021026
20021027
20021028
20021210
20021213
20021214
20021215
20021216
20021217
20030315
20030316
20030317
20030318
20030319
20030320
20030610
20030611
20030612
20030613
20030614
20030615
20030616
20030617
20030618
20030619
20030620
20030621
20030626
20030703
20040117
20040118
20040119
20040120
20040121
20040402
20040403
20040404
20040420
20040525
20040526
20040527
20040528
20040706
20040707
20040708
20040709
20040710
20040711
20040712
20040713
20040714
20040715
20040716
20040717
20040718
20040719
20040720
20040721
20040722
20040723
20040724
20040902
20040903
20040904
20041021
20041022
20041023
20041024
20041025
20050228
20050301
20050315
20050316
20050317
20050426
20050427
20050428
20050429
20050710
20050711
20050712
20050713
20050714
20050715
20050813
20050814
20050815
20050816
20050818
20050819
20051005
20051007
20051008
20051122
20060103
20060104
20060214
20060215
20060219
20060517
20060518
20060519
20060520
20060521
20060531
20060603
20060604
20060605
20060606
20060607
20060608
20060609
20060610
20060611
20060612
20060613
20060614
20060725
20060726
20060727
20060823
20060824
20060825
20060826
20060827
20060906
20061018
20061019
20061020
20061021
20061022
20061024
20061108
20061109
20061112
20061113
20061114
20061115
20061116
20061117
20070213
20070214
20070215
20070408
20070409
20070525
20070526
20070527
20070528
20070529
20070530
20070531
20070601
20070602
20070603
20070604
20070605
20070606
20070607
20070715
20070716
20070717
20070718
20070719
20070720
20070721
20070824
20070825
20070826
20071018
20071019
20071020
20071021
20071204
20071205
20071206
20080123
20080124
20080125
20080220
20080221
20080302
20080303
20080304
20080305
20080306
20080307
20080308
20080309
20080410
20080411
20080524
20080525
20080526
20080527
20080528
20080529
20080530
20080531
20080601
20080630
20080701
20080702
20080703
20080704
20080705
20080706
20080707
20080708
20080709
20080710
20080711
20080712
20080713
20080714
20090121
20090122
20090123
20090330
20090331
20090401
20090402
20090403
20090404
20090624
20090625
20090626
20090627
20090811
20090812
20090813
20090814
20090819
20090820
20090821
20090822
20090823
20091029
20091030
20091031
20091101
20091102
20091103
20091223
20091224
20091225
20100310
20100311
20100312
20100313
20100314
20100427
20100428
20100429
20100430
20100501
20100528
20100529
20100530
20100531
20100601
20100602
20100617
20100618
20100619
20100626
20100630
20100701
20100702
20100703
20100704
20100705
20100706
20100712
20100713
20100714
20100715
20100716
20100920
20100921
20100922
20110128
20110310
20110710
20110711
20110712
20110713
20110714
20110816
20110817
20110822
20110823
20111015
20111016
20111017
20111018
20111019
20111117
20111118
20111119
20111120
20120213
20120214
20120215
20120411
20120412
20120413
20120617
20120618
20120619
20120620
20120621
20120623
20120624
20120625
20120626
20120627
20120712
20120713
20120808
20120809
20120810
20120811
20120812
20120813
20120814
20120815
20120816
20121017
20121018
20121019
20121020
20121021
20121213
20121214
20121215
20121216
20121217
20121218
20130203
20130204
20130205
20130207
20130208
20130209
20130210
20130211
20130321
20130430
20130501
20130502
20130503
20130504
20130505
20130527
20130528
20130529
20130530
20130531
20130629
20130630
20130701
20130702
20130703
20130704
20130705
20130706
20130707
20130708
20130709
20130826
20130827
20130828
20130829
20130830
20130831
20130901
20130902
20130903
20130904
20130905
20131101
20131102
