19980314
19980516
19980517
19980518
19980519
19980520
19980521
19980522
19980523
19980524
19980611
19980929
19980930
19981001
19981002
19981003
19981004
19981005
19981006
19981007
19981008
19981109
19981110
19981111
19981112
19981113
19981114
19981115
19990126
19990127
19990128
19990129
19990416
19990417
19990418
19990419
19990727
19990728
19991031
19991101
19991102
19991103
19991104
19991105
19991210
19991211
19991212
19991213
19991214
19991215
19991216
20000307
20000308
20000417
20000418
20000419
20000420
20000421
20000705
20000706
20000707
20000709
20000815
20000816
20000818
20000819
20000820
20000821
20000822
20000823
20000824
20000825
20001008
20001009
20001010
20001011
20001012
20001013
20001014
20001015
20001016
20001017
20001018
20001019
20001020
20001021
20001022
20001023
20001127
20001130
20001201
20001202
20001203
20001204
20010209
20010210
20010211
20010212
20010213
20010810
20010811
20010812
20010813
20010814
20010815
20011007
20011008
20011009
20011121
20011122
20011203
20011204
20011205
20011206
20011207
20020129
20020208
20020209
20020210
20020211
20020217
20020218
20020219
20020220
20020510
20020511
20020512
20020513
20020620
20020621
20020622
20020623
20020811
20020812
20020813
20020814
20021007
20021008
20021009
20021124
20021125
20021126
20030101
20030108
20030109
20030228
20030301
20030302
20030303
20030304
20030305
20030331
20030401
20030402
20030403
20030404
20030405
20030513
20030514
20030515
20030722
20030723
20030724
20030823
20030916
20030917
20031012
20031013
20031014
20031015
20031016
20031017
20031018
20031019
20031217
20031218
20031219
20031220
20031221
20031222
20040208
20040209
20040210
20040211
20040226
20040227
20040228
20040229
20040301
20040302
20040316
20040317
20040318
20040319
20040320
20040511
20040512
20040513
20040807
20041004
20041005
20041006
20041007
20041008
20041009
20041202
20050107
20050108
20050130
20050409
20050410
20050411
20050412
20050413
20050510
20050511
20050725
20050726
20050727
20050728
20050801
20050802
20050909
20050910
20050911
20050912
20050913
20050914
20050915
20050916
20050917
20051017
20051018
20051019
20051020
20051105
20060118
20060119
20060120
20060121
20060122
20060123
20060326
20060327
20060328
20060329
20060330
20060331
20060401
20060402
20060403
20060404
20060405
20060421
20060422
20060807
20060808
20060809
20060810
20060811
20060929
20060930
20061001
20061002
20061003
20061004
20070102
20070103
20070104
20070105
20070106
20070107
20070108
20070114
20070228
20070301
20070302
20070303
20070304
20070625
20070626
20070909
20070910
20070911
20070912
20070913
20070914
20070915
20070916
20070917
20070918
20070919
20070920
20070921
20070922
20070923
20070924
20071028
20071114
20071115
20071116
20071117
20071227
20071228
20071229
20071230
20071231
20080101
20080102
20080103
20080104
20080209
20080210
20080211
20080212
20080325
20080326
20080503
20080504
20080505
20080506
20080911
20080912
20080913
20080914
20080915
20080916
20080917
20080918
20080919
20080920
20080921
20080922
20080923
20081028
20081029
20081030
20081031
20081116
20081117
20081118
20081119
20081120
20081121
20081122
20081123
20081124
20081227
20081228
20081230
20081231
20090203
20090204
20090205
20090206
20090207
20090208
20090209
20090417
20090418
20090419
20090420
20090421
20090422
20090909
20090920
20090922
20090924
20090925
20090926
20090927
20090928
20090929
20091007
20091008
20091121
20091122
20091123
20100118
20100119
20100331
20100401
20100402
20100403
20100404
20100405
20100421
20100823
20100824
20100825
20100826
20100827
20101008
20101009
20101010
20101011
20101209
20101210
20101211
20101212
20101213
20101224
20101225
20101226
20110110
20110327
20110328
20110329
20110330
20110502
20110503
20110504
20110505
20110506
20110507
20110526
20110527
20110528
20110611
20110721
20110722
20110723
20110724
20110925
20110926
20110927
20110928
20111106
20111107
20111108
20111206
20111207
20111208
20111209
20111210
20111223
20111226
20111227
20111228
20111229
20120120
20120122
20120123
20120124
20120125
20120126
20120312
20120313
20120314
20120315
20120316
20120603
20120604
20120605
20120606
20120607
20120608
20120912
20120913
20120914
20120923
20120924
20120927
20120928
20120929
20120930
20121005
20130107
20130108
20130109
20130110
20130223
20130515
20130615
20130616
20130617
20130618
20130915
20130916
20130917
20130918
20130919
20130920
20130921
20130922
20130923
20130924
20130929
20130930
20131001
20131002
20131003
20131004
20131005
20131220
20131221
20131227
20131228
