19980106
19980107
19980108
19980109
19980110
19980111
19980828
19980829
19980830
19980831
19980901
19980902
19980903
19980904
19980905
19980906
19980907
19980908
19980909
19980910
19990104
19990105
19990110
19990111
19990112
19990216
19990217
19990218
19990219
19990220
19990221
19990222
19990223
19990224
19990430
19990501
19990502
19990503
19990504
19990505
19990616
19990617
19990618
19990619
19990620
19990621
19990622
19990623
19990624
19990625
19990626
19990627
19990908
19991115
19991116
20000614
20000615
20000616
20000617
20000717
20000718
20000719
20000720
20000721
20000722
20000723
20000724
20000725
20000902
20000903
20000904
20000905
20000906
20000907
20000908
20000909
20000910
20000912
20001107
20001108
20001109
20001215
20001216
20001217
20010302
20010303
20010415
20010517
20010518
20010519
20010520
20010521
20010522
20010523
20010524
20010711
20010712
20010713
20010714
20010715
20010907
20011021
20011022
20011023
20011024
20011025
20011026
20011221
20011222
20011223
20011224
20011225
20020104
20020107
20020108
20020109
20020227
20020228
20020522
20020523
20020524
20020525
20020526
20020527
20020528
20020529
20020530
20020531
20020714
20020715
20020716
20020717
20020718
20020719
20020720
20020822
20020823
20020824
20020825
20020826
20020827
20020828
20020829
20020830
20021205
20021206
20021207
20021208
20021209
20030117
20030313
20030314
20030410
20030411
20030412
20030531
20030601
20030602
20030603
20030604
20030605
20030606
20030607
20030608
20030609
20031027
20031028
20031029
20031030
20040110
20040111
20040112
20040113
20040114
20040115
20040116
20040329
20040330
20040331
20040401
20040701
20040702
20040703
20040704
20040705
20040821
20040822
20040823
20040824
20040825
20040826
20040828
20041018
20041019
20041020
20050121
20050122
20050215
20050216
20050224
20050225
20050226
20050227
20050302
20050303
20050304
20050305
20050306
20050307
20050308
20050309
20050310
20050311
20050312
20050419
20050420
20050421
20050422
20050423
20050424
20050425
20050519
20050520
20050521
20050522
20050523
20050921
20050922
20050923
20050924
20051118
20051119
20051120
20051121
20051231
20060101
20060102
20060204
20060205
20060206
20060207
20060208
20060209
20060210
20060211
20060212
20060213
20060216
20060218
20060509
20060510
20060511
20060512
20060513
20060514
20060515
20060516
20060601
20060602
20060713
20060714
20060715
20060716
20060717
20060718
20060719
20060720
20060820
20061011
20061012
20061013
20061014
20061015
20061016
20061017
20061110
20061111
20070404
20070405
20070406
20070407
20070410
20070521
20070522
20070523
20070524
20070713
20070714
20071008
20071009
20071010
20071011
20071012
20071013
20071014
20071015
20071016
20071017
20071130
20071201
20071202
20071203
20080218
20080219
20080402
20080403
20080404
20080405
20080406
20080407
20080408
20080409
20080520
20080521
20080522
20080523
20090116
20090117
20090118
20090119
20090120
20090311
20090312
20090313
20090314
20090325
20090326
20090327
20090328
20090329
20090502
20090503
20090504
20090505
20090510
20090611
20090612
20090613
20090614
20090615
20090616
20090617
20090618
20090619
20090620
20090621
20090622
20090623
20091026
20091027
20091028
20091220
20091221
20091222
20100207
20100208
20100209
20100210
20100211
20100212
20100213
20100214
20100215
20100526
20100527
20100710
20100711
20101112
20101113
20101114
20101115
20110124
20110125
20110126
20110127
20110308
20110309
20110408
20110514
20110515
20110516
20110517
20110518
20110519
20110520
20110709
20111010
20111011
20111012
20111013
20111014
20111113
20111115
20111116
20120209
20120210
20120211
20120212
20120406
20120407
20120408
20120409
20120410
20120519
20120615
20120616
20120622
20120807
20130131
20130201
20130202
20130317
20130318
20130319
20130320
20130624
20130625
20130626
20130627
20130628
20130817
20130818
20130819
20130820
20130823
20130824
20130825
20131030
20131031
