19980113
19980114
19980115
19980202
19980203
19980204
19980205
19980206
19980207
19980208
19980209
19980210
19980211
19980212
19980327
19980328
19980329
19980330
19980331
19980401
19980404
19980505
19980716
19980717
19980718
19980814
19980815
19980816
19980817
19980818
19980819
19980820
19980821
19980822
19980823
19990118
19990119
19990301
19990302
19990303
19990307
19990308
19990309
19990310
19990311
19990312
19990313
19990314
19990315
19990316
19990822
19990823
19990824
19990825
19990826
19990928
19990929
19990930
19991001
19991002
19991003
19991004
19991005
19991006
19991007
19991008
20000202
20000327
20000807
20000808
20000809
20000915
20000916
20000919
20000920
20000921
20000928
20000929
20000930
20001001
20001002
20001113
20001114
20001115
20001116
20010104
20010105
20010106
20010107
20010108
20010117
20010118
20010119
20010120
20010121
20010122
20010602
20010603
20010604
20010605
20010606
20010607
20010724
20010725
20010726
20010727
20010728
20010912
20010913
20010914
20010916
20010917
20010918
20010919
20010921
20010922
20010923
20010924
20010925
20010926
20010927
20010928
20011028
20011029
20011030
20011031
20020112
20020113
20020114
20020115
20020116
20020117
20020118
20020119
20020120
20020312
20020314
20020315
20020316
20020317
20020318
20020319
20020320
20020412
20020413
20020426
20020427
20020428
20020605
20020606
20020607
20020608
20020609
20020610
20020611
20020612
20020801
20020802
20020923
20020924
20020925
20020926
20020927
20021029
20021030
20021031
20021101
20021102
20021103
20021104
20021105
20021106
20021218
20021219
20021220
20021221
20021222
20030211
20030212
20030213
20030321
20030322
20030323
20030324
20030325
20030423
20030425
20030427
20030428
20030429
20030430
20030622
20030623
20030624
20030625
20030630
20030701
20030702
20030704
20030705
20030706
20030707
20030708
20030709
20030710
20031203
20031204
20031205
20031206
20040122
20040123
20040124
20040125
20040126
20040421
20040422
20040423
20040424
20040425
20040426
20040427
20040529
20040530
20040905
20040906
20040910
20040911
20040912
20040913
20040914
20040915
20040916
20040917
20040918
20040919
20040920
20040921
20040922
20040923
20041026
20041027
20041028
20041029
20041225
20041226
20041227
20050318
20050319
20050320
20050430
20050501
20050502
20050503
20050610
20050629
20050630
20050701
20050702
20050703
20050704
20050705
20050706
20050707
20050817
20051009
20051010
20051011
20051012
20051013
20060220
20060221
20060222
20060223
20060522
20060523
20060801
20060828
20060829
20060830
20060907
20060908
20060909
20061023
20061025
20061118
20061119
20061120
20061121
20061213
20070217
20070218
20070427
20070608
20070609
20070610
20070611
20070612
20070613
20070614
20070722
20070723
20070724
20070725
20070726
20070816
20070817
20070818
20070827
20070828
20070829
20070830
20070831
20070901
20070902
20070903
20071207
20071208
20071209
20071210
20071214
20071215
20071216
20071217
20080126
20080127
20080128
20080130
20080131
20080310
20080311
20080312
20080313
20080314
20080315
20080316
20080317
20080602
20080603
20080604
20080715
20080716
20080717
20080718
20080808
20080809
20080811
20080812
20080813
20080814
20080815
20080816
20080817
20080818
20080819
20080820
20080821
20080822
20080823
20080824
20080825
20080826
20080827
20080828
20080829
20080830
20080831
20080901
20080902
20090124
20090405
20090406
20090407
20090408
20090409
20090410
20090411
20090815
20090816
20090817
20090818
20091104
20091105
20091106
20091226
20091227
20100315
20100316
20100317
20100318
20100319
20100502
20100503
20100504
20100505
20100607
20100608
20100609
20100615
20100616
20100620
20100621
20100622
20100623
20100624
20100625
20100627
20100628
20100629
20100717
20100718
20100719
20100720
20100721
20100726
20100727
20100815
20100816
20100817
20100818
20100902
20100903
20100904
20100905
20100906
20110311
20110312
20110313
20110317
20110715
20110812
20110813
20110814
20110815
20110818
20110819
20110820
20110824
20110825
20110826
20111020
20111021
20111022
20111023
20111024
20111025
20111026
20111121
20111122
20111123
20111124
20111125
20120216
20120217
20120218
20120219
20120220
20120221
20120222
20120223
20120224
20120225
20120226
20120227
20120414
20120416
20120630
20120701
20120702
20120703
20120704
20120705
20120708
20120709
20120710
20120711
20120714
20120715
20120817
20120818
20120819
20120820
20120821
20121022
20121023
20121024
20121028
20121029
20121030
20121031
20121130
20121224
20130212
20130213
20130214
20130506
20130507
20130508
20130906
20130907
20130908
20131202
