19980101
19980102
19980103
19980525
19980526
19980527
19980528
19980529
19981009
19981010
19981014
19981015
19981016
19981017
19981018
19981019
19981116
19981117
19981118
19981119
19981120
19981121
19981122
19981123
19981124
19981125
19981126
19981127
19981128
19981129
19981130
19981201
19990130
19990131
19990201
19990202
19990203
19990205
19990206
19990207
19990208
19990209
19990210
19990211
19990422
19990528
19990529
19990530
19990729
19991106
19991107
19991108
19991109
19991110
19991111
19991217
19991218
19991219
20000430
20000501
20000502
20000503
20000504
20000505
20000708
20000710
20000711
20000826
20000827
20000828
20000829
20000830
20001024
20001025
20001026
20001027
20001028
20001029
20001030
20001031
20001101
20001205
20001206
20001207
20001208
20001209
20001210
20010214
20010215
20010216
20010217
20010218
20010219
20010220
20010221
20010222
20010223
20010224
20010508
20010509
20010510
20010511
20010512
20010513
20010514
20010627
20010628
20010629
20010630
20010701
20010702
20010703
20010816
20010817
20010818
20010819
20011010
20011011
20011012
20011123
20011208
20011209
20011210
20011211
20020131
20020221
20020222
20020514
20020515
20020516
20020624
20020625
20020626
20020627
20020628
20020629
20020630
20020701
20020702
20020703
20020704
20020705
20020815
20020816
20020817
20020818
20020819
20021127
20021128
20021129
20021130
20021201
20021202
20030110
20030111
20030112
20030306
20030307
20030308
20030309
20030310
20030406
20030407
20030516
20030517
20030518
20030519
20030804
20031020
20031021
20031022
20031023
20031024
20031223
20031224
20031225
20031226
20031231
20040101
20040102
20040103
20040212
20040213
20040215
20040216
20040217
20040218
20040321
20040322
20040323
20040324
20040325
20040514
20040515
20040618
20040619
20040620
20040621
20040803
20040804
20040805
20040806
20040808
20040809
20040810
20040811
20040812
20040813
20040814
20040815
20041010
20041014
20041015
20050109
20050110
20050111
20050112
20050114
20050115
20050116
20050117
20050118
20050119
20050131
20050201
20050202
20050203
20050204
20050205
20050206
20050414
20050415
20050416
20050512
20050513
20050803
20050804
20050805
20050806
20050807
20050919
20051108
20051109
20051110
20060124
20060125
20060126
20060127
20060128
20060129
20060428
20060429
20060430
20060501
20060502
20060503
20061005
20061006
20061007
20061008
20070109
20070110
20070111
20070112
20070113
20070115
20070126
20070127
20070128
20070129
20070130
20070305
20070306
20070307
20070308
20070310
20070311
20070312
20070325
20070326
20070327
20070328
20070329
20070330
20070630
20070701
20070927
20071118
20071119
20071120
20071121
20071122
20071123
20071124
20071125
20080105
20080106
20080107
20080213
20080214
20080507
20080508
20080509
20080510
20080511
20080512
20080513
20080924
20080925
20080927
20081101
20081125
20081126
20081127
20081128
20081129
20081130
20081201
20081202
20081203
20081213
20090101
20090106
20090109
20090110
20090111
20090211
20090212
20090320
20090321
20090322
20090323
20090423
20090424
20090425
20090426
20090530
20090531
20090601
20090602
20090603
20090604
20090605
20090606
20091124
20091125
20091126
20091127
20091128
20091129
20091130
20091201
20091217
20100120
20100121
20100406
20100407
20101012
20101013
20101014
20101015
20101016
20101017
20101018
20101019
20101107
20101214
20110108
20110109
20110111
20110112
20110113
20110114
20110115
20110116
20110117
20110221
20110222
20110331
20110401
20110402
20110403
20110404
20110405
20110508
20110509
20110510
20110929
20110930
20111001
20111002
20111003
20111004
20111109
20111230
20111231
20120101
20120102
20120103
20120104
20120107
20120127
20120128
20120129
20120130
20120131
20120201
20120202
20120203
20120317
20120318
20120319
20120320
20120321
20120327
20120328
20120329
20120330
20120609
20120731
20120801
20120802
20121001
20121002
20121003
20121004
20121007
20121008
20130111
20130112
20130113
20130225
20130226
20130227
20130228
20130301
20130302
20130303
20130304
20130309
20130310
20130311
20130312
20130313
20130314
20130619
20130620
20130925
20130926
20130927
20130928
20131006
20131007
20131008
20131009
20131010
20131011
