19980104
19980105
19990212
19990213
19990214
19990215
19990423
19990424
19990425
19990426
19990427
19990428
19990429
19990531
19990601
19990602
19990603
19990604
19990605
19990606
19991112
19991113
19991114
19991117
19991118
19991220
19991221
19991222
19991223
19991224
19991225
19991226
20000506
20000507
20000508
20000509
20000510
20000511
20000512
20000712
20000713
20000714
20000715
20000716
20000831
20000901
20001102
20001103
20001104
20001105
20001106
20001211
20001212
20001213
20001214
20010225
20010226
20010227
20010228
20010301
20010304
20010515
20010516
20010704
20010705
20010706
20010707
20010708
20010709
20010710
20010820
20010821
20010822
20010823
20010824
20010825
20010826
20011013
20011014
20011015
20011020
20011126
20011127
20011212
20011213
20011214
20011215
20011216
20011217
20011218
20011219
20011220
20011226
20011227
20011228
20011229
20011230
20011231
20020101
20020102
20020103
20020223
20020224
20020225
20020226
20020517
20020518
20020519
20020520
20020521
20020706
20020707
20020708
20020709
20020710
20020711
20020712
20020713
20020820
20020821
20021203
20021204
20030116
20030408
20030409
20030520
20030521
20030522
20030523
20030524
20030525
20030526
20030527
20030528
20030529
20030530
20031025
20031026
20031227
20031228
20031229
20031230
20040104
20040105
20040106
20040107
20040108
20040109
20040326
20040327
20040328
20040411
20040412
20040413
20040414
20040415
20040416
20040622
20040623
20040624
20040625
20040626
20040627
20040628
20040629
20040630
20040816
20040818
20040819
20040820
20041016
20041017
20050120
20050207
20050208
20050209
20050210
20050211
20050212
20050213
20050214
20050222
20050223
20050417
20050418
20050514
20050515
20050516
20050517
20050518
20050920
20051116
20051117
20051230
20060130
20060131
20060201
20060202
20060203
20060504
20060505
20060506
20060507
20060508
20060704
20060705
20060706
20060707
20060708
20060709
20060710
20060711
20060712
20061009
20061010
20070309
20070331
20070401
20070402
20070403
20070517
20070518
20070519
20070520
20070708
20070709
20070710
20070711
20070712
20071126
20071127
20071128
20071129
20080108
20080109
20080110
20080111
20080112
20080113
20080114
20080115
20080116
20080117
20080118
20080119
20080120
20080121
20080215
20080216
20080217
20080401
20080514
20080515
20080516
20080517
20080518
20080519
20080928
20081214
20081216
20081217
20081218
20081219
20090103
20090104
20090105
20090107
20090108
20090112
20090113
20090114
20090115
20090324
20090427
20090428
20090429
20090430
20090501
20090506
20090507
20090508
20090509
20090519
20090520
20090521
20090522
20090523
20090524
20090607
20090608
20090609
20090610
20091202
20091203
20091204
20091218
20091219
20100122
20100123
20100124
20100125
20100126
20100127
20100128
20100129
20100130
20100131
20100201
20100202
20100203
20100204
20100205
20100206
20100225
20100523
20101110
20101111
20101218
20101219
20101220
20110118
20110119
20110120
20110121
20110122
20110123
20110219
20110220
20110306
20110307
20110406
20110407
20110511
20110512
20110513
20111005
20111006
20111007
20111008
20111009
20120204
20120205
20120206
20120207
20120208
20120322
20120323
20120324
20120325
20120326
20120331
20120401
20120402
20120403
20120404
20120405
20120610
20120611
20120612
20120613
20120614
20130114
20130115
20130116
20130117
20130118
20130119
20130120
20130121
20130122
20130123
20130124
20130125
20130126
20130127
20130128
20130129
20130130
20130305
20130306
20130307
20130308
20130315
20130316
20130621
20130622
20130623
20130724
20130816
