19980126
19980127
19980226
19980227
19980228
19980323
19980426
19980803
19980804
19980805
19980806
19980807
19981022
19981023
19981204
19981226
19990101
19990102
19990103
19990109
19990612
19990613
19990614
19990615
19990806
19990809
19990907
19990909
19990911
19990913
19990914
19990915
19991120
19991121
19991231
20000123
20000124
20000518
20000519
20000521
20000522
20000523
20000526
20000608
20000613
20000911
20010319
20010320
20010412
20010414
20010416
20010417
20010418
20010419
20010420
20010613
20010903
20010904
20010905
20020105
20020106
20020301
20020302
20020303
20020721
20020722
20020723
20020724
20020725
20020726
20020831
20020901
20020902
20020903
20020904
20020905
20020920
20021018
20021021
20021022
20021023
20021024
20030118
20030119
20030120
20030208
20030216
20030413
20030831
20031031
20031101
20031102
20031121
20031122
20031123
20031124
20031127
20040220
20040221
20040409
20040518
20040519
20040520
20040521
20040827
20040829
20040830
20041109
20041112
20050123
20050124
20050313
20050605
20050811
20050829
20050830
20050925
20050926
20050927
20050928
20050929
20050930
20051001
20051002
20051127
20051201
20051202
20051224
20051225
20051228
20060217
20060528
20060529
20060530
20060721
20060722
20060723
20060724
20060817
20060818
20060819
20060821
20070211
20070212
20070411
20070412
20070413
20070414
20070419
20070420
20070513
20071007
20080122
20080224
20080228
20080229
20080622
20080624
20080625
20080626
20080627
20080628
20080930
20081001
20081002
20081003
20090310
20090315
20090511
20090512
20090513
20090514
20090515
20090516
20091016
20091017
20091018
20091019
20091023
20091024
20091025
20091206
20091208
20091209
20100216
20100223
20100224
20100227
20100304
20100425
20100525
20100709
20100804
20100830
20100928
20100929
20101118
20101119
20110212
20110226
20110228
20110301
20110409
20110416
20110417
20110418
20110419
20110420
20110521
20110522
20110602
20110603
20110707
20110708
20110728
20110729
20110730
20111114
20120429
20120430
20120501
20120502
20120503
20120504
20120518
20120520
20120521
20120523
20120524
20120806
20121126
20121127
20121210
20130418
20130419
20130421
20130422
20130423
20130424
20130425
20130426
20130427
20130428
20130520
20130521
20130522
20130523
20130524
20130525
20130526
20130717
20130726
20130805
20130806
20130807
20130808
20130809
20130810
20130814
20130815
20130821
20130822
20131016
20131020
20131029
20140105
20140106
20140107
20140108
20140109
20140630
20140701
20140731
20140913
20140914
20140915
20140916
20141013
20141014
20141108
20150126
20150521
20150802
20150803
20150804
20150811
20150812
20150820
20150930
