19980121
19980122
19980225
19980302
19980316
19980317
19980318
19980319
19980320
19980321
19980421
19980422
19980423
19980424
19980530
19980531
19980615
19980731
19980801
19981011
19981012
19981013
19981101
19981218
19981219
19981224
19981228
19981229
19981231
19990204
19990330
19990404
19990420
19990421
19990527
19990608
19990609
19990730
19990731
19990831
19990901
20000118
20000119
20000120
20000211
20000212
20000213
20000315
20000424
20000425
20000426
20000427
20000428
20000429
20000609
20000701
20010307
20010313
20010314
20010317
20010321
20010503
20010504
20010505
20010617
20010618
20010831
20011018
20011124
20011125
20011130
20020201
20020202
20020212
20020213
20020914
20021016
20030123
20030124
20030125
20030221
20030222
20030223
20030224
20030311
20030726
20030801
20030802
20030803
20030805
20030809
20030810
20030921
20030925
20040214
20040224
20040225
20040516
20040615
20040616
20040731
20040801
20040802
20041011
20041012
20041013
20041114
20041204
20041205
20041207
20041208
20041209
20041210
20041213
20050113
20050603
20050604
20050918
20051111
20051112
20051113
20051114
20051115
20051129
20051130
20060309
20060406
20060407
20060408
20060426
20060427
20060630
20061029
20061102
20061103
20070116
20070117
20070131
20070201
20070202
20070203
20070204
20070207
20070313
20070314
20070315
20070416
20070509
20070510
20070627
20070628
20070629
20070702
20070703
20070704
20070705
20070925
20070926
20070928
20070929
20070930
20071001
20071002
20071003
20071109
20080328
20080329
20080330
20080425
20080426
20080427
20080428
20080430
20080618
20080619
20080620
20080926
20081102
20081103
20081204
20081206
20081207
20081208
20081209
20081212
20081215
20081222
20090102
20090213
20090218
20090221
20090317
20090318
20090518
20090529
20090724
20090725
20090726
20090727
20090729
20090730
20090731
20090801
20090802
20090803
20090804
20091011
20091012
20091215
20091216
20100219
20100220
20100221
20100408
20100409
20100410
20100520
20100521
20100522
20100828
20100829
20101021
20101022
20101024
20101027
20101106
20101108
20101215
20101221
20101231
20110101
20110102
20110107
20110203
20110204
20110213
20110214
20110215
20110223
20110224
20110414
20110415
20110523
20110529
20110530
20110531
20110616
20110617
20110618
20110725
20110726
20110804
20110806
20110808
20120105
20120106
20120111
20120112
20120113
20120114
20120115
20120116
20120117
20120508
20120510
20120511
20120512
20120513
20120728
20120729
20120730
20121009
20121010
20121116
20121117
20121119
20121120
20121121
20121122
20121123
20121124
20121209
20130414
20130415
20130416
20130519
20130718
20130719
20130720
20130812
20131012
20131013
20131014
20131015
20131024
20131025
20131026
20131230
20140103
20140421
20140422
20140423
20140424
20140425
20140621
20140622
20140623
20140715
20140716
20140717
20140720
20141009
20141010
20141011
20141215
20150128
20150129
20150130
20150201
20150213
20150214
20150215
20150427
20150503
20150504
20150505
20150511
20150512
20150513
20150515
20151005
20151006
20151007
20151008
20151009
20151012
20151013
20151016
20151017
20151018
