19980123
19980124
19980125
19980301
19980303
19980304
19980305
19980306
19980307
19980308
19980309
19980310
19980322
19980425
19980616
19980617
19980802
19981020
19981021
19981102
19981103
19981104
19981202
19981203
19981220
19981221
19981222
19981223
19981225
19981227
19990106
19990107
19990108
19990607
19990610
19990611
19990801
19990802
19990803
19990804
19990805
19990807
19990808
19990902
19990903
19990904
19990905
19990906
19990910
19991119
19991227
19991228
19991229
19991230
20000121
20000122
20000513
20000514
20000515
20000516
20000517
20000610
20000611
20000612
20010305
20010306
20010315
20010316
20010318
20010506
20010507
20010827
20010828
20010829
20010830
20010901
20010902
20011016
20011017
20011019
20011128
20011129
20020214
20020304
20020915
20020916
20020917
20020918
20020919
20021017
20030113
20030114
20030115
20030121
20030122
20030217
20030312
20030727
20030728
20030729
20030730
20030731
20030806
20030807
20030808
20030922
20030923
20030924
20031125
20031126
20040219
20040222
20040223
20040410
20040417
20040517
20040617
20040817
20041110
20041111
20041113
20041211
20041212
20050125
20050217
20050218
20050219
20050220
20050221
20050808
20050809
20050810
20051128
20051229
20060409
20060410
20060411
20060701
20060702
20060703
20061028
20061104
20061105
20070118
20070119
20070120
20070121
20070122
20070123
20070124
20070125
20070208
20070209
20070210
20070415
20070417
20070418
20070514
20070515
20070516
20070706
20070707
20071004
20071005
20071006
20080331
20080429
20080621
20080623
20080929
20081104
20081205
20081220
20081221
20090214
20090215
20090216
20090217
20090219
20090220
20090309
20090316
20090517
20090525
20090526
20090527
20090528
20090805
20090806
20090807
20090808
20091013
20091014
20091015
20091205
20091207
20100217
20100222
20100226
20100524
20101020
20101025
20101026
20101109
20101216
20101217
20110103
20110104
20110105
20110106
20110202
20110205
20110206
20110207
20110216
20110217
20110218
20110225
20110302
20110303
20110304
20110305
20110410
20110411
20110412
20110413
20110421
20110601
20110727
20110805
20111110
20111111
20111112
20120108
20120109
20120110
20120509
20120514
20120515
20120516
20120517
20120803
20120804
20120805
20121125
20130417
20130420
20130721
20130722
20130723
20130725
20130811
20130813
20140104
20140204
20140426
20140427
20140428
20140624
20140625
20140626
20140627
20140628
20140629
20140702
20140703
20140725
20141012
20141107
20141210
20141213
20141214
20150127
20150216
20150218
20150219
20150220
20150221
20150223
20150224
20150225
20150226
20150428
20150429
20150430
20150514
20150516
20150517
20150518
20150519
20150520
20150805
20150806
20150807
20150808
20150809
20150810
20151001
20151002
20151003
20151004
20151019
