19980324
19980325
19980427
19980429
19980430
19980501
19980503
19980618
19980719
19980720
19980808
19980810
19980811
19980812
19980911
19980912
19980913
19980914
19990225
19990517
19990518
19990810
19990811
19990812
19990813
19990814
19990815
19990816
19990912
19990916
19990917
19990918
19991122
19991123
19991124
20000101
20000102
20000103
20000125
20000126
20000127
20000128
20000320
20000321
20000322
20000329
20000330
20000520
20000524
20000525
20000527
20000528
20000529
20000531
20000603
20000622
20000623
20000926
20000927
20001112
20001218
20010413
20010910
20020405
20020406
20020407
20020408
20020409
20020410
20020727
20020728
20020906
20020921
20021019
20021020
20021025
20021211
20021212
20030126
20030209
20030210
20030214
20030215
20030414
20030415
20030416
20030417
20030627
20030628
20030813
20030815
20030829
20030830
20030901
20030902
20030903
20030904
20031103
20031104
20031105
20031119
20031120
20031128
20040405
20040418
20040419
20040522
20040523
20040524
20040604
20040605
20040606
20040607
20040608
20040831
20040901
20040907
20040908
20041224
20050314
20050524
20050525
20050625
20050626
20050627
20050628
20050708
20050709
20050812
20050820
20050827
20050828
20051003
20051004
20051006
20051123
20051124
20051125
20051126
20051203
20051204
20051215
20051226
20051227
20060105
20060615
20060616
20060617
20060618
20060728
20060729
20060822
20060902
20060903
20060904
20060905
20061027
20061106
20061107
20070511
20070512
20070821
20070822
20070823
20071022
20080222
20080223
20080225
20080226
20080227
20080301
20080412
20080629
20081004
20081005
20081006
20081009
20090628
20090629
20090703
20090704
20090705
20090706
20090707
20090708
20090709
20090809
20090824
20090825
20090826
20091020
20091021
20091022
20091210
20100228
20100301
20100302
20100303
20100305
20100306
20100309
20100426
20100603
20100604
20100612
20100707
20100708
20100802
20100803
20100805
20100806
20100807
20100810
20100811
20100812
20100813
20100831
20100917
20100918
20100919
20100923
20100924
20100925
20100926
20100927
20100930
20101103
20101116
20101117
20101120
20101121
20110129
20110130
20110210
20110211
20110227
20110604
20110621
20110629
20110630
20110701
20110702
20110703
20110704
20110705
20110706
20110731
20110810
20110811
20110821
20120505
20120522
20120525
20120526
20120628
20120629
20121014
20121015
20121016
20121128
20121211
20121212
20130206
20130322
20130323
20130324
20130429
20130601
20130608
20130727
20130728
20131017
20131018
20131019
20131027
20131028
20131103
20131104
20140315
20140520
20140521
20140525
20140801
20140912
20140917
20140918
20140919
20141021
20141022
20141023
20141115
20141116
20150522
20150525
20150526
20150527
20150528
20150529
20150731
20150801
20150813
20150814
20150815
20150816
20150817
20150818
20150819
20150821
20150929
