19980118
19980221
19980222
19980418
19980602
19980603
19980604
19980630
19980701
19980724
19980725
19980728
19980729
19981025
19981026
19981027
19981212
19990327
19990328
19990329
19990411
19990525
19990710
19990711
19990715
19990716
19990717
19990718
19990724
19990829
19991022
19991023
19991024
19991025
19991026
19991129
20000109
20000110
20000111
20000112
20000113
20000206
20000317
20000407
20000408
20000409
20000410
20000412
20000413
20000414
20000625
20000626
20000628
20000629
20000813
20000814
20001224
20001225
20001226
20010312
20010326
20010407
20010408
20010409
20010421
20010422
20010423
20010425
20010427
20010430
20010620
20010621
20010622
20010623
20011112
20011116
20011118
20011120
20020205
20020206
20020305
20020306
20020307
20020308
20020401
20020910
20020911
20020912
20030202
20030203
20030204
20030205
20030206
20030207
20030226
20030329
20030718
20030811
20030818
20030819
20030820
20030821
20030822
20030824
20030825
20030906
20030907
20030912
20030914
20030928
20031004
20031008
20031111
20031112
20031113
20031114
20031115
20031116
20040304
20040613
20040614
20040730
20041116
20041117
20041129
20041130
20041201
20041216
20041217
20041218
20041219
20041220
20041221
20050127
20050529
20050530
20050531
20050721
20050723
20050724
20051024
20051025
20051026
20051219
20051220
20051221
20051222
20051223
20060307
20060310
20060312
20060313
20060316
20060317
20060318
20060319
20060320
20060321
20060322
20060323
20060324
20060626
20060627
20060805
20061101
20061129
20061130
20061201
20061202
20061203
20061208
20070501
20070502
20070504
20070623
20070624
20070729
20070730
20070806
20070807
20070808
20070809
20070907
20071024
20071025
20071030
20071031
20071101
20071102
20071103
20071104
20071105
20071106
20080420
20080421
20080424
20080613
20080724
20080725
20080731
20080803
20080804
20080805
20081107
20081108
20081114
20081225
20090131
20090306
20090712
20090715
20090719
20090720
20090831
20091212
20091213
20100108
20100109
20100110
20100112
20100113
20100116
20100117
20100412
20100413
20100414
20100415
20100416
20100418
20100514
20100515
20100516
20100517
20100821
20100822
20100909
20100910
20100911
20100912
20100913
20101030
20101031
20101101
20110209
20110524
20110525
20110620
20110803
20110920
20111213
20111214
20111215
20111216
20111217
20111218
20111219
20120422
20120425
20120426
20120428
20120528
20120529
20120530
20120531
20120601
20120718
20120719
20120721
20120722
20120723
20120724
20120916
20121107
20121110
20121111
20121112
20121113
20121208
20130103
20130328
20130329
20130412
20130714
20130731
20130801
20130913
20131111
20131119
20131121
20131123
20131125
20131126
20140206
20140207
20140907
20140908
20140909
20140910
20140923
20140926
20140928
20140929
20140930
20141001
20141028
20141029
20141030
20141102
20141104
20141105
20141106
20150217
20150301
20150302
20150422
20150423
20150424
20150425
20150914
20150919
20150922
20151205
20151206
