19980201
19980326
19980405
19980406
19980420
19980504
19980619
19980703
19980704
19980705
19980706
19980707
19980708
19980709
19980710
19980711
19980712
19980713
19980809
19980813
19981205
19981206
19990707
19990708
19991009
19991010
19991011
19991012
19991013
19991125
20000104
20000105
20000129
20000130
20000203
20000214
20000215
20000216
20000331
20000401
20000601
20000602
20000604
20000605
20000606
20000624
20000810
20000924
20000925
20001219
20001220
20010101
20010102
20010103
20010327
20010328
20010329
20010330
20010331
20010401
20010402
20010403
20010411
20010608
20010612
20010729
20010730
20010920
20020310
20020411
20020423
20020424
20020425
20020729
20020730
20020731
20020907
20020908
20020922
20020928
20020929
20020930
20021001
20021002
20030127
20030128
20030129
20030130
20030131
20030418
20030421
20030422
20030424
20030426
20030629
20030711
20030712
20030713
20030714
20030715
20030716
20030814
20030816
20030817
20030827
20030828
20030905
20031106
20031107
20031118
20031129
20031130
20031201
20031202
20040406
20040407
20040408
20040531
20040601
20040602
20040603
20040609
20040725
20040726
20040727
20040909
20041106
20041107
20041108
20041119
20041122
20041123
20041124
20041223
20050606
20050607
20050608
20050609
20050611
20050612
20050623
20050624
20050716
20050717
20050718
20050719
20050821
20050822
20050823
20050824
20050825
20050826
20051205
20051206
20051207
20051208
20051212
20051214
20051216
20060106
20060107
20060109
20060110
20060412
20060413
20060414
20060524
20060525
20060527
20060619
20060620
20060621
20060622
20060623
20060730
20060731
20060802
20060816
20060831
20060901
20061026
20061031
20061210
20061211
20061212
20061214
20061215
20070216
20070421
20070422
20070423
20070424
20070425
20070426
20070810
20070811
20070812
20070813
20070814
20070815
20070819
20070820
20070904
20071023
20080413
20080414
20080806
20080807
20080810
20081007
20081008
20081010
20081011
20081012
20081013
20081105
20090125
20090126
20090630
20090701
20090702
20090710
20090810
20090827
20091211
20100307
20100308
20100605
20100606
20100610
20100611
20100613
20100614
20100801
20100808
20100809
20100814
20100819
20100901
20100916
20101001
20101002
20101122
20101123
20101124
20101125
20101126
20101128
20101129
20101130
20110131
20110201
20110423
20110424
20110425
20110426
20110605
20110606
20110622
20110623
20110624
20110625
20110627
20110628
20110716
20110802
20110914
20110915
20111027
20111028
20111029
20120415
20120716
20121012
20121013
20121025
20121026
20121027
20121101
20121129
20121201
20121202
20121203
20121204
20121219
20121220
20121221
20130602
20130603
20130604
20130605
20130606
20130607
20130710
20130711
20130909
20131105
20131106
20131107
20131116
20131117
20131118
20131201
20131203
20140205
20140316
20140317
20140318
20140319
20140320
20140321
20140322
20140519
20140522
20140523
20140524
20140604
20140605
20140606
20140607
20140911
20140920
20140921
20141024
20141025
20141026
20141117
20150414
20150415
20150416
20150523
20150524
20150829
20150830
20150831
20150901
20150907
20150908
20150909
20150910
20150911
20151021
20151022
20151118
20151121
20151122
