19980116
19980117
19980407
19980408
19980410
19980419
19980620
19980621
19980629
19980702
19980721
19980722
19980723
19980726
19980727
19980915
19980916
19980917
19981024
19981105
19981106
19990326
19990519
19990520
19990521
19990522
19990709
19990828
19991014
19991015
19991016
19991126
19991127
19991128
20000106
20000107
20000108
20000131
20000201
20000204
20000205
20000402
20000403
20000411
20000607
20000811
20000812
20001221
20001222
20001223
20001227
20001228
20001229
20001230
20001231
20010309
20010310
20010311
20010404
20010405
20010406
20010410
20010424
20010609
20010610
20010611
20010731
20010801
20010802
20011103
20011104
20011105
20011106
20011107
20011113
20011114
20011115
20020309
20020311
20020417
20020418
20020419
20020420
20020421
20020422
20020909
20021003
20021004
20030201
20030419
20030420
20030504
20030717
20030812
20030826
20031005
20031006
20031007
20031108
20031109
20031110
20031117
20040305
20040610
20040611
20040612
20040728
20040729
20041103
20041104
20041105
20041118
20041120
20041121
20041125
20041126
20041127
20041128
20041222
20041228
20041229
20050526
20050527
20050528
20050613
20050614
20050615
20050616
20050617
20050618
20050619
20050620
20050621
20050622
20050722
20050831
20050901
20051209
20051211
20051213
20051217
20051218
20060108
20060308
20060526
20060624
20060625
20060803
20060804
20060815
20061030
20061209
20061216
20070429
20070430
20070727
20070728
20070905
20070906
20080415
20080416
20080417
20080418
20080419
20080422
20080423
20080722
20080723
20081014
20081016
20081106
20090127
20090128
20090129
20090130
20090222
20090223
20090711
20090828
20090829
20090830
20090912
20100107
20100114
20100115
20100730
20100731
20100820
20100908
20100914
20100915
20101102
20101127
20101201
20110315
20110318
20110319
20110427
20110607
20110626
20110717
20110718
20110801
20110831
20110901
20110902
20110903
20110904
20110905
20110906
20110907
20110908
20110911
20110913
20110916
20110917
20110918
20111030
20111031
20120717
20120720
20120831
20120901
20120902
20120903
20121205
20121206
20121207
20121222
20121225
20121226
20121227
20121228
20121229
20121230
20130325
20130326
20130327
20130609
20130610
20130712
20130713
20130715
20130716
20130729
20130802
20130803
20130804
20130910
20130911
20130912
20131110
20131112
20131113
20131114
20131115
20131122
20131130
20131204
20140110
20140111
20140515
20140516
20140517
20140518
20140608
20140705
20140706
20140829
20140830
20140922
20140924
20140925
20141027
20141031
20141101
20141103
20141217
20141218
20150227
20150228
20150410
20150411
20150412
20150413
20150421
20150912
20150913
20150918
20151020
20151115
20151116
20151117
20151123
20151124
