19980119
19980120
19980223
19980224
19980311
19980312
19980313
19980315
19980601
19980612
19980613
19980614
19980730
19981028
19981029
19981030
19981031
19981107
19981108
19981213
19981214
19981215
19981216
19981217
19981230
19990331
19990401
19990402
19990403
19990405
19990406
19990407
19990408
19990409
19990410
19990523
19990524
19990526
19990712
19990713
19990714
19990719
19990725
19990726
19990830
20000114
20000115
20000116
20000117
20000207
20000208
20000209
20000210
20000305
20000306
20000309
20000310
20000311
20000312
20000313
20000314
20000316
20000318
20000319
20000422
20000423
20000627
20000630
20000702
20000703
20000704
20010308
20010322
20010323
20010324
20010325
20010501
20010502
20010614
20010615
20010616
20010619
20010624
20010625
20010626
20011201
20011202
20020130
20020203
20020204
20020207
20020215
20020216
20020402
20020403
20020404
20020913
20021010
20021011
20021012
20021013
20021014
20021015
20030102
20030103
20030104
20030105
20030106
20030107
20030218
20030219
20030220
20030225
20030725
20030918
20030919
20030920
20030926
20030927
20031001
20031002
20031003
20041115
20041203
20041206
20041214
20041215
20050126
20050128
20050129
20050601
20050602
20050720
20051021
20051022
20051023
20051106
20051107
20060304
20060305
20060306
20060311
20060314
20060315
20060325
20060423
20060424
20060425
20060628
20060629
20060806
20060812
20060813
20060814
20061204
20061205
20061206
20061207
20070205
20070206
20070316
20070317
20070318
20070319
20070320
20070321
20070322
20070323
20070324
20070505
20070506
20070507
20070508
20070731
20070801
20070802
20070803
20070804
20070805
20071026
20071027
20071107
20071108
20071110
20071111
20071112
20071113
20080327
20080501
20080502
20080614
20080615
20080616
20080617
20080726
20080727
20080728
20080729
20080730
20081210
20081211
20081223
20081224
20081229
20090210
20090303
20090304
20090305
20090307
20090308
20090319
20090716
20090717
20090718
20090721
20090722
20090723
20090728
20091009
20091010
20091214
20100111
20100218
20100411
20100422
20100423
20100424
20100518
20100519
20101023
20101028
20101029
20101104
20101105
20101222
20101223
20101227
20101228
20101229
20101230
20110208
20110422
20110612
20110613
20110614
20110615
20110619
20110807
20110809
20110921
20110922
20110923
20110924
20111211
20111212
20120118
20120119
20120427
20120506
20120507
20120527
20120602
20120725
20120726
20120727
20120915
20120917
20120918
20120919
20120922
20120925
20120926
20121006
20121011
20121108
20121109
20121114
20121115
20121118
20130224
20130413
20130513
20130514
20130516
20130517
20130518
20130730
20131021
20131022
20131023
20131120
20131124
20131127
20131128
20131129
20131222
20131223
20131224
20131225
20131226
20131229
20131231
20140101
20140102
20140112
20140113
20140114
20140208
20140209
20140211
20140212
20140213
20140214
20140420
20140618
20140704
20140718
20140719
20140927
20141002
20141008
20141216
20150426
20150501
20150502
20150506
20150507
20150508
20150509
20150510
20150923
20150926
20150927
20150928
20151010
20151011
20151202
20151203
20151204
